1.449815097398793884e-01
4.256222305037497822e-02
5.014975582992815123e-02
7.993879442749218800e-02
1.430639779123777378e-01
1.757942106753379585e-01
2.859907310266978087e-01
1.366381558537737573e-01
8.037047662954213689e-02
1.955280269861092712e-01
1.564168669079540330e-01
1.851195722874421634e-01
2.182078202358076757e-01
2.177780432418147949e-01
7.330751976169196105e-02
3.586626909602893404e-02
5.954665517824575538e-02
3.077106713240819122e-02
5.134125615867015519e-02
9.620164291958646641e-02
1.018302216264141691e-01
1.450010688471129461e-01
2.439592142158506227e-01
2.107276273158390223e-01
1.389747393958769839e-01
5.560078065041562656e-02
3.870191727165915585e-02
1.176369397476033640e-01
1.955235150923307075e-01
3.796671747248531736e-01
3.863163343532099447e-01
1.886985604515849513e-01
1.869494384575369761e-01
7.716379006848421429e-02
7.325563748882864268e-02
9.147024544580065197e-02
1.979671389910614421e-01
1.583680872201157219e-01
1.874288441502937608e-01
2.209298510470192878e-01
2.204947128051190919e-01
7.422199352926449334e-02
3.631368243555587599e-02
6.028946920720501534e-02
3.115492043673871378e-02
2.245659987833760751e-01
1.574153568715247198e-01
1.629738322211735924e-01
1.666945671469023393e-01
1.183827278430372165e-01
4.087700530282131761e-02
3.335958356218900883e-02
7.426349366233823968e-02
4.782862752919007227e-02
1.191044003279967678e-01
1.979625708137185691e-01
3.844033282984963273e-01
3.911354327881211290e-01
1.910524783589515330e-01
1.892815369637692313e-01
7.812636883330252580e-02
7.416946405161659039e-02
9.261128991498369933e-02
1.108804986609717713e-01
1.110558363913517477e-01
1.219432328034974616e-01
1.348239465782248847e-01
2.077316286470553275e-01
1.555293035112311761e-01
1.721366535926608377e-01
1.411029557552049007e-01
1.279983486133429438e-01
2.685824443173354115e-01
1.882698251324481098e-01
1.949177990206343303e-01
1.993678230065588086e-01
1.415865383953687773e-01
4.888917316104916810e-02
3.989828621911748613e-02
8.881963769865360014e-02
5.720336008001319222e-02
1.584162171813062459e-01
8.598139748042359087e-02
9.712611618044539319e-02
1.246217234243057054e-01
1.656607678710642628e-01
1.116319640214266107e-01
1.356890399815637305e-01
9.774097970945717917e-02
1.277692181913631930e-01
1.326138218556236481e-01
1.328235269599655211e-01
1.458449262655951983e-01
1.612503465380802081e-01
2.484484244556853239e-01
1.860140926334725719e-01
2.058765949832016828e-01
1.687600837279522037e-01
1.530868854831240466e-01
1.462835721529257282e-01
1.271515232498479642e-01
1.274455771919331126e-01
2.280003913426694451e-01
3.670275319517702362e-01
1.911347722121771731e-01
1.948449268735777951e-01
1.698062340520381241e-01
1.444891918305425682e-01
1.407321534471342728e-01
7.638326074889954798e-02
8.628389018017532108e-02
1.107101521287007784e-01
1.471679921350364517e-01
9.917044460345975088e-02
1.205420198484145056e-01
8.683011625509098885e-02
1.135062908347817950e-01
1.791469432901783287e-01
2.215610747317511287e-01
2.042931180723157047e-01
2.155091943703225654e-01
1.555056048257722756e-01
5.155228888057487163e-02
6.398519290485782385e-02
5.172902128377541292e-02
3.663793639086804915e-02
1.299538802865051745e-01
1.129575494190380308e-01
1.132187780055778914e-01
2.025486192724819667e-01
3.260561062813631672e-01
1.697983234965248223e-01
1.730943121548277064e-01
1.508506983192336448e-01
1.283598073351031876e-01
1.637272900403212161e-01
1.178178860022550539e-01
1.268529554773768497e-01
2.899984953704258794e-01
3.547380164984887396e-01
2.024887169579661084e-01
1.607040632601009766e-01
1.568676275718007551e-01
1.947169836423442435e-01
1.703388083179437351e-01
2.106675600840043350e-01
1.942486187086568949e-01
2.049132331057386125e-01
1.478598458131512861e-01
4.901761254031365006e-02
6.083922677794733475e-02
4.918565552446652750e-02
3.483655545235998796e-02
1.854641043125269118e-01
6.109996238879634306e-02
1.012310049223150571e-01
1.852627823168017107e-01
3.149357166804745423e-01
2.054675645051684263e-01
1.341444464923038093e-01
1.279872389934665067e-01
5.513429911282284601e-02
1.556772946408606639e-01
1.120251226818657214e-01
1.206159640280627249e-01
2.757401114870336456e-01
3.372965783599638501e-01
1.925329347572538041e-01
1.528027111421990936e-01
1.491549018559699125e-01
1.851433150002279593e-01
1.415353049039568545e-01
1.922821624131751117e-01
2.027153201922423653e-01
1.927192031827657526e-01
1.992193647622036434e-01
1.005244833787807546e-01
3.921662355038188497e-02
5.422216092887540556e-02
7.859725354085715654e-02
1.758987532552974131e-01
5.794871869126926034e-02
9.600999407740047620e-02
1.757078144847886991e-01
2.986928393772063650e-01
1.948705306874867760e-01
1.272259178215784103e-01
1.213862696233771743e-01
5.229073578145303214e-02
4.011465554980862547e-01
1.534003572664074388e-01
1.055826775890919556e-01
1.192732595004435819e-01
7.589281227883502845e-02
1.046221507196392619e-01
1.936007490051243896e-01
2.148049525293355688e-01
2.779737450735098037e-01
1.342355911215151187e-01
1.823651685434292402e-01
1.922602339667699167e-01
1.827796688413585169e-01
1.889445831897135220e-01
9.533991153438572952e-02
3.719401775866221921e-02
5.142564132046482245e-02
7.454358329000639050e-02
1.683340145658347997e-01
1.525998595895880217e-01
1.612176734512003329e-01
2.060038055316903705e-01
8.998160336359291300e-02
1.110339163983849881e-01
1.221799043742991392e-01
1.096356100421019414e-01
1.841024243473946831e-01
3.817588151622668402e-01
1.459863928353524742e-01
1.004797806328506932e-01
1.135086855498330660e-01
7.222485073797078881e-02
9.956567681072393816e-02
1.842438668405225743e-01
2.044232539072053378e-01
2.645390471662354415e-01
2.143646718914203608e-01
1.046677714918565344e-01
1.983578278046943810e-01
3.168376885681261079e-01
2.409081254317962106e-01
1.693759609281607070e-01
6.323614055174754667e-02
3.806042312821066032e-02
4.977075315857768661e-02
1.601982942926390152e-01
1.452245838644059817e-01
1.534258917505303410e-01
1.960474735251000744e-01
8.563271905409682028e-02
1.056675566226465274e-01
1.162748499053085638e-01
1.043368315534865393e-01
1.752046039634947427e-01
1.160408924002534481e-01
1.806458521282884588e-01
1.032908466874239012e-01
8.116134166148450402e-02
2.184337354275039111e-01
1.780723052594032352e-01
1.477370579821041530e-01
6.549380964852076492e-02
8.130877305149941670e-02
4.959184486438941025e-02
9.292365065286496695e-02
9.836044014577002836e-02
1.400602760714168560e-01
2.356465036079510855e-01
2.035472558402365850e-01
1.342392888652647887e-01
5.370622954438006302e-02
3.738318110797598376e-02
1.136285572806245425e-01
1.888612113001740256e-01
3.667303264039116217e-01
3.731529213585219606e-01
1.822688114043798935e-01
1.805792893110823860e-01
7.453449706018452914e-02
7.075951158188487078e-02
8.835347167659296508e-02
2.095268105570575468e-01
1.116102745349060454e-01
3.381402930360724590e-02
5.978302166888575103e-02
1.717998111136932737e-01
2.550597621197372988e-01
1.536127890938999430e-01
1.998592917178457495e-01
1.951291515574820612e-01
1.644470933245170963e-01
9.048113189886895780e-02
1.162462288199688498e-01
9.149274519727092214e-02
1.065459574699192391e-01
1.403131171488490869e-01
1.252005584884287592e-01
1.412807612091801224e-01
2.297526126918550127e-01
1.216366465852494194e-01
2.021713991831043389e-01
3.925760228981812761e-01
3.994512568301301081e-01
1.951143931323016389e-01
1.933058002338380876e-01
7.978739230956419237e-02
7.574636085165020738e-02
9.458027335825479331e-02
1.132378987819020882e-01
1.134169643200732686e-01
1.245358347058082016e-01
1.376904018323595325e-01
2.121481542977105283e-01
1.588359697269616788e-01
1.757964041610329819e-01
1.441029073154699025e-01
1.307196866858076623e-01
1.760366711625634961e-01
9.685788262043458496e-02
1.244388012154550582e-01
9.794079040526872115e-02
1.140548932769513135e-01
1.502018282231546431e-01
1.340241964660554286e-01
1.512376679926953349e-01
2.459446640954768837e-01
8.865713259193412632e-02
1.570651027171259539e-01
1.291588737117264352e-01
1.308465517964822744e-01
1.526791747997255089e-01
1.156971965216294224e-01
9.238053458758692382e-02
6.157621275260800192e-02
1.316243172588568711e-01
8.346768047876895746e-02
8.359966972694121701e-02
9.179539157116971271e-02
1.014916259376359431e-01
1.563744519066608274e-01
1.170780287546656917e-01
1.295795687633754245e-01
1.062182851611834095e-01
9.635351024651456209e-02
9.207147708212716497e-02
8.002968745265078010e-02
8.021476620340278751e-02
1.435043764468446614e-01
2.310086259124158325e-01
1.203010053714982375e-01
1.226361918510927157e-01
1.068767364429708405e-01
9.094208678698037507e-02
6.534919223112690967e-02
1.157727222862716815e-01
9.520303465478138771e-02
9.644702254792247853e-02
1.125398538389546371e-01
8.528042939189631189e-02
6.809371267357818003e-02
4.538784017024526107e-02
9.702031364391797141e-02
3.089588471607668807e-01
3.487497987572447666e-01
2.050353285908115275e-01
2.853056167481273220e-01
4.405127864420740336e-01
2.735999650682601758e-01
6.762438284328141369e-02
1.987298371300110500e-01
1.474345944276754805e-01
6.977472948690387200e-02
6.064907363166593957e-02
6.078933226742102430e-02
1.087522364590055718e-01
1.750657738205126379e-01
9.116797484753602632e-02
9.293765434089140687e-02
8.099463167186458923e-02
6.891884116158994433e-02
8.790832060574930995e-02
6.325868151379769599e-02
6.810978351346202997e-02
1.557057513132359405e-01
1.904656412362101259e-01
1.087200737580398952e-01
8.628509219346668091e-02
8.422523632956410711e-02
1.045472811600324514e-01
2.341389610161137835e-01
2.642938251679531336e-01
1.553823729244748486e-01
2.162137815160478926e-01
3.338347714580603975e-01
2.073428618206670238e-01
5.124793442164435331e-02
1.506038684961502061e-01
1.117306821745274875e-01
2.260684828362940768e-01
1.245319321988795080e-01
1.113449076301841201e-01
1.427880691684024483e-01
1.664857081381704296e-01
3.632868906754090355e-01
2.599358317811509278e-01
2.327600533885250955e-01
1.849648242237323659e-01
1.077760743668856463e-01
7.755548412485888110e-02
8.350296129510273446e-02
1.908960894401342812e-01
2.335119016352567300e-01
1.332913957834551966e-01
1.057859875938575722e-01
1.032605932143122324e-01
1.281755295917055559e-01
9.798551280107443973e-02
1.331177849889784992e-01
1.403407059118544908e-01
1.334203502319924184e-01
1.379204406234552927e-01
6.959354105759618658e-02
2.714984061057004044e-02
3.753823999887186819e-02
5.441322359946141468e-02
2.771611771250235834e-01
1.526768193640206384e-01
1.365094562429839120e-01
1.750589415809097882e-01
2.041123745475075246e-01
4.453916839288003526e-01
3.186827292754743080e-01
2.853650786499191128e-01
2.267678703611948621e-01
7.351695964265368699e-02
5.747933580826751487e-02
1.292066091165846309e-01
1.998934427968825922e-01
1.719168551127242262e-01
4.930497129680741497e-02
8.030074566885926635e-02
4.167952203300157726e-02
7.208287681543136538e-02
1.439394731002512917e-01
1.955483344817071922e-01
2.061587135281915950e-01
1.959927989786812430e-01
2.026033745763788085e-01
1.022320274156003350e-01
3.988277083546992730e-02
5.514319752061497271e-02
7.993233398179197535e-02
1.805028693137162021e-01
1.636312933178351581e-01
1.728720883719100654e-01
2.208958069699709093e-01
9.648636750254117878e-02
1.190605508502825260e-01
1.310122815576960642e-01
1.175611610202491886e-01
1.974111763925144314e-01
1.079954794580610250e-01
8.443641385222930285e-02
1.898028668285684228e-01
2.936409272133033710e-01
2.525436754330730449e-01
7.242837626510489901e-02
1.179607749218836293e-01
6.122668820114372107e-02
1.058888300092637735e-01
4.989645410666448955e-02
1.057315822200902700e-01
8.362225001400853952e-02
2.541877223045760914e-01
3.237644995294798322e-01
2.133128790281040577e-01
2.153280592470805943e-01
1.924349287848924894e-01
9.050685068544557510e-02
1.481734511092387130e-01
1.343237009614081379e-01
1.419094002877479554e-01
1.813317105636371995e-01
7.920493514703055848e-02
9.773591288342363403e-02
1.075469989474785587e-01
9.650507502184925424e-02
1.620533535274432391e-01
1.073306028173574844e-01
1.670861694040373657e-01
9.553760412525270918e-02
7.506918936770962114e-02
2.020376094507694842e-01
1.647057987338134688e-01
1.366475831380929706e-01
6.057769743905937893e-02
7.520555422700354875e-02
4.095962480379481546e-02
8.679426254195567181e-02
6.864487761997965787e-02
2.086607940730602906e-01
2.657758484634409335e-01
1.751069419107562364e-01
1.767611882326463602e-01
1.579683892030594727e-01
7.429639465610408944e-02
8.243329406904370549e-02
1.258597567258335215e-01
1.170768088389995687e-01
3.860033320173740790e-01
4.502552744297689813e-01
2.457092249064737610e-01
1.105919367013725313e-01
5.207980457992141682e-02
1.000132042448616393e-01
2.316546359071544603e-01
1.233972752324240946e-01
3.738508034392041407e-02
6.609662067262719876e-02
1.899433422703812879e-01
2.819962570485611275e-01
1.698356149918079094e-01
2.209661442966103784e-01
2.157364608316369725e-01
1.818141145221460198e-01
1.000367142074730237e-01
1.285228259871614431e-01
1.011551625325207981e-01
1.177981229201789243e-01
1.551313838057165051e-01
1.384228095435609818e-01
1.562012193646492575e-01
2.540164559387286247e-01
5.607991634077352100e-02
9.248184497262078307e-02
9.615911184541550694e-02
9.985550694378246550e-02
1.804197017646416434e-01
2.900150794647525232e-01
2.606867166898693688e-01
1.711375259441094143e-01
6.587535457784658710e-02
7.338869478971757343e-02
9.684681844072008661e-02
5.121742328565939695e-02
2.189211572137415504e-02
1.041752163826606681e-01
1.813165034902444461e-01
1.789007193091809722e-01
2.670482316188534377e-01
2.358238070019864074e-01
1.383106413398691170e-01
7.610048392520959992e-02
9.777059683081681940e-02
7.695131613672097359e-02
8.961204124632540791e-02
1.180124064762668734e-01
1.053017672162325918e-01
1.188262577147864568e-01
1.932368068568555974e-01
6.965721850545844585e-02
1.234048277864615434e-01
1.014791210253415954e-01
1.028051165507981451e-01
1.199588383848220335e-01
9.090238611336855235e-02
7.258266645095678982e-02
4.837995072758803639e-02
1.034162008163810181e-01
5.582865483320528788e-02
7.367384872988105848e-02
3.896240223721594148e-02
1.665389166109583485e-02
7.924874824748763535e-02
1.379320959164788973e-01
1.360943471789852754e-01
2.031504115120971732e-01
1.793971940813281762e-01
3.475758740726503371e-01
5.950770742741622321e-01
3.757434778660930785e-01
1.552308281976598758e-01
9.529134926506248326e-02
3.510908487626929891e-02
6.928816384301468567e-02
7.671649210166497923e-02
6.604417648759815240e-02
4.390318785092717918e-02
7.777895029781854708e-02
6.395973036123205058e-02
6.479547189517008421e-02
7.560703009660310614e-02
5.729348112457290088e-02
4.574702390202155244e-02
3.049266264982223099e-02
6.518062289430921752e-02
2.075661204369739221e-01
2.342986562658593286e-01
1.377477554024197637e-01
1.916753009389366436e-01
2.959472788202242022e-01
1.838111574495861766e-01
4.543171662736256861e-02
1.335115718071146484e-01
9.905017145415261071e-02
2.190683064766073829e-01
3.750620702087240632e-01
2.368216366724879285e-01
9.783807560565774275e-02
6.005973389569835980e-02
2.212837063650784433e-02
4.367058200590252792e-02
4.835246994164200951e-02
4.162597859929759170e-02
2.426153380212170141e-01
2.397790936410695295e-01
1.075101118840389031e-01
1.141996653401836925e-01
1.063506399248112660e-01
1.104404798974530089e-01
1.942998582206763580e-01
3.901423171880372687e-01
2.094692863730454324e-01
1.790496881947890584e-01
2.021095796392183841e-01
1.188233060502005001e-01
1.653420259313456708e-01
2.552886178308048093e-01
1.585582963095607534e-01
3.919008882161614110e-02
1.151691097378231554e-01
8.544218236179591808e-02
1.728780685915905779e-01
9.523149643159750655e-02
8.514717459555998236e-02
1.091922469954879904e-01
1.273141983788702025e-01
2.778111093446332114e-01
1.987769546302256274e-01
1.779952161850999748e-01
1.414454645247359144e-01
2.092836756428300971e-01
2.068370881610168965e-01
9.273985547400102891e-02
9.851036589238498786e-02
9.173967735084076480e-02
9.526763543150662539e-02
1.676060089067732684e-01
3.365426886480808455e-01
1.806913880382855220e-01
2.294032677554248278e-01
1.714654923559220667e-01
2.521357191722391478e-01
1.789942279401069980e-01
1.051126215756752469e-01
6.772517435771407968e-02
8.713256612379308153e-02
8.848649707459006752e-02
1.594655556574784416e-01
2.037150660725564610e-01
1.122183440953539169e-01
1.003352388185447530e-01
1.286693332041237980e-01
1.500237742474855029e-01
3.273654602743815700e-01
2.342336467320281779e-01
2.097449810791699454e-01
1.666756945289106506e-01
5.403538997202687183e-02
4.224764382028124710e-02
9.496760399932500929e-02
1.469228350421852292e-01
1.263598815012853260e-01
3.623943868914886873e-02
5.902151188450226876e-02
3.063468943558220886e-02
5.298133081074205691e-02
2.703229057843024585e-01
2.020505225967639540e-01
2.971102413908085493e-01
2.109221908162783321e-01
1.238620076207278403e-01
7.980560218803976757e-02
1.026747730905835376e-01
1.042702104722382367e-01
1.879101060748451790e-01
8.585890580354665902e-02
4.600307090370153729e-02
3.058209300313101051e-02
1.416622686213257938e-02
3.240598345986066275e-02
1.489831024816925809e-01
2.057155139905088026e-01
3.452017669497783880e-01
2.875773248477071498e-01
7.726083970699798575e-02
6.040649357554098847e-02
1.357865064682217127e-01
2.100730949359000121e-01
1.806717885282223268e-01
5.181584633854522531e-02
8.439009270283533148e-02
4.380206807393196428e-02
7.575372564815845144e-02
3.569632693912575677e-02
7.564122930762104402e-02
5.982403417894711223e-02
1.818479529607281986e-01
2.316237422759683806e-01
1.526057593959636860e-01
1.540474356277870827e-01
1.376695048856269032e-01
6.474933319694119171e-02
1.227627146235109046e-01
6.577607543797703293e-02
4.372686468336004634e-02
2.025514359042830670e-02
4.633469833263068743e-02
2.130189049407824886e-01
2.941359979060261254e-01
4.935761247709357091e-01
4.111835893093042094e-01
8.387576750846466311e-02
1.060007753821704951e-01
1.149104031380121932e-01
1.748954630466181825e-01
1.625935837285080177e-01
1.228993124507851836e-01
1.248365746537476867e-01
1.136217240769374220e-01
9.849707415295656798e-02
3.530536473232915445e-02
7.481277258754037707e-02
5.916881448472024324e-02
1.798562724970151350e-01
2.290868950092698197e-01
1.509343525712485423e-01
1.523602389174055494e-01
1.361616866294105832e-01
6.404016941551196607e-02
7.105381280068018279e-02
1.084854814372246817e-01
1.009149731609627482e-01
3.327176088660153130e-01
3.880999096682444804e-01
2.117903629482769667e-01
9.532530340304470884e-02
4.489046236849809218e-02
8.620690914108744551e-02
8.295712242719931184e-02
1.048398072765097250e-01
1.136518527871221013e-01
1.729799293753800649e-01
1.608127857653486592e-01
1.215532639766246925e-01
1.234693084137564040e-01
1.123772879179760903e-01
9.741828995368814748e-02
8.397156476805904546e-02
2.537088815918979723e-01
4.521038908174123683e-01
1.300721582426369871e-01
1.572030892105247823e-01
1.320291995029600762e-01
7.705574015157204415e-02
6.128755663499482753e-02
3.451878665374000926e-02
3.640966419102369817e-02
6.004347258220234240e-02
6.243092357563199968e-02
6.483079349396558833e-02
1.171367787850847719e-01
1.882911448990054748e-01
1.692498212027068460e-01
1.111103627944835109e-01
4.276931377838298631e-02
4.764732023625359997e-02
6.287741436646769599e-02
3.325270977989220472e-02
1.421336966700740938e-02
6.763534778603394471e-02
1.177190237634245101e-01
1.161505854252496556e-01
1.733800096449119588e-01
1.531076752863907153e-01
1.424269029559523392e-01
3.019985809388769232e-02
7.639210459043893620e-03
5.388911928960474218e-02
9.371523675446272184e-02
1.983517611751363929e-01
4.308504543283180888e-01
5.277335715992277354e-01
2.208281730245480745e-01
2.858148685186588933e-01
2.297032552476506451e-01
7.259888180898378673e-02
1.039018716804365472e-01
1.244684435607717049e-01
6.660597423935296635e-02
7.515931249065094244e-02
7.746472505838511435e-02
1.863654796110762180e-01
3.857678347827826065e-02
5.090755130954091601e-02
2.692244975970110865e-02
1.150759542031245392e-02
5.475972529163647406e-02
9.530905974310438511e-02
9.403920225960281376e-02
1.403739613974030742e-01
1.239608357636785424e-01
2.401698424658986197e-01
4.111895498063836141e-01
2.596332444749199775e-01
1.072622305951255600e-01
6.584492782306669567e-02
2.425986385376383697e-02
4.787710723400186164e-02
5.300997335258672560e-02
4.563555944478762949e-02
2.314047934500126635e-01
1.859750495517277502e-01
5.877836005096787747e-02
8.412225466049018385e-02
1.007736043352293748e-01
5.392631178104064643e-02
6.085136603594372418e-02
6.271790125791647241e-02
1.508874102286188457e-01
4.585974423387153553e-01
3.611648954977162984e-01
2.101480710003821029e-01
1.944367620245811834e-01
7.518765263572420310e-02
2.187366628426097928e-02
4.737476249814109863e-02
7.599543288621513071e-02
2.056211340432975432e-01
2.004142182133601957e-01
3.431248124903564234e-01
2.166558181468082322e-01
8.950697501329946126e-02
5.494553186813518758e-02
2.024409725340510502e-02
3.995194783034473895e-02
4.423516399015919864e-02
3.808144634210296198e-02
2.219561746659344803e-01
2.193614419578967245e-01
9.835541877241532616e-02
1.044753438664311612e-01
9.729467808387701200e-02
1.010362603050472402e-01
1.777548510351119049e-01
3.569209473919889297e-01
1.916325731611348282e-01
3.826852153346865792e-01
3.013808038266180267e-01
1.753619893578744204e-01
1.622513936512516020e-01
6.274174337448690242e-02
1.825289004985106850e-02
3.953275686749340573e-02
6.341581071669835645e-02
1.715844021227739546e-01
9.251091205512276816e-02
2.345960252937468182e-01
1.409745149637081918e-01
4.771623710255138567e-02
7.982384389890059828e-02
7.135228257779038796e-02
1.154432556079108135e-01
1.745605542102791896e-02
2.943462548808436705e-02
2.568872296744281747e-01
2.538841426996383266e-01
1.138344138879766460e-01
1.209174815502435246e-01
1.126067357785855566e-01
1.169371613359829060e-01
2.057295829337828508e-01
4.130925103854413138e-01
2.217913554729394054e-01
2.815832135542440384e-01
2.104669424444127190e-01
3.094863763319282701e-01
2.197081602375923481e-01
1.290214828149058857e-01
8.312990665197554641e-02
1.069516934716163020e-01
1.086135888394818838e-01
1.957375064993340796e-01
1.070701094405847459e-01
2.715163167731059479e-01
1.631608251414028987e-01
5.522573083723218007e-02
9.238637380562032819e-02
8.258157372708012367e-02
1.336115030922122582e-01
2.020325735429689268e-02
3.406699277241966028e-02
4.961276343844064213e-02
2.091407315057328478e-02
8.781060911564812776e-02
1.655560731257169627e-01
5.618657122876725279e-02
4.093846924129872222e-02
7.711160736654919245e-02
4.402394308966477154e-02
1.854441431402265028e-02
2.946955085716346789e-01
2.202676141744684124e-01
3.238980190541805304e-01
2.299391615050328519e-01
1.350295389234222598e-01
8.700096077849883702e-02
1.119320406297724807e-01
1.136713243549780927e-01
2.048522825500493916e-01
9.360003673299352456e-02
5.015075706030137914e-02
3.333940727144280719e-02
1.544346905255757421e-02
3.532774164571804432e-02
1.624155786097349619e-01
2.242630451186448659e-01
3.763255280788684876e-01
3.135056045427672133e-01
5.192304743094691699e-02
2.188796464681752943e-02
9.189962634734949454e-02
1.732654107859568082e-01
5.880297328153132747e-02
4.284482324399879055e-02
8.070241142156650560e-02
4.607397626576991562e-02
1.940795951027542501e-02
1.728953562116901099e-01
1.363947523835468967e-01
8.937581832449206787e-02
9.329017172918561973e-02
5.448497533157944245e-02
1.254020767683866888e-01
1.283696499103999245e-01
1.518297847340051021e-01
3.222182151286179796e-01
1.056584908195726952e-01
5.661165838605548839e-02
3.763450934499516093e-02
1.743304479427444653e-02
3.987900001576161896e-02
1.833395105436241013e-01
2.531547606271963291e-01
4.248073904833852277e-01
3.538944021353181424e-01
7.218956536157018766e-02
9.123195089757084320e-02
9.890022237017090379e-02
1.505277130223787174e-01
1.399398239635365471e-01
1.057760568111956040e-01
1.074434050880283403e-01
9.779109175863694159e-02
8.477372170419426867e-02
1.951693935671318936e-01
1.539664320182364543e-01
1.008900680976060338e-01
1.053087060352617815e-01
6.150425220770335683e-02
1.415575745422485987e-01
1.449074589068910790e-01
1.713899532135634285e-01
3.637294547456675353e-01
1.407976033852311182e-01
1.209257589520206649e-01
2.154920821320522317e-01
1.950926958531085109e-01
2.282255543967429134e-01
7.449609902146248075e-02
1.288997751001736899e-02
2.788414984024351062e-02
8.242404083608070864e-02
8.284973390944688765e-02
1.047040914853218790e-01
1.135047297474899575e-01
1.727560057667370530e-01
1.606046126007824315e-01
1.213959125104154685e-01
1.233094766159489875e-01
1.122318148105989621e-01
9.729218136344283674e-02
8.386286304830367633e-02
2.533804538458814815e-01
4.515186394817288229e-01
1.299037790141169268e-01
1.569995888208959856e-01
1.318582868721958623e-01
7.695599101036412759e-02
6.120821950671538614e-02
3.447410186688990713e-02
1.615890595424484266e-01
1.387827576159119392e-01
2.473136051562573323e-01
2.239018597514814690e-01
2.619274178809776754e-01
8.549687133184490084e-02
1.479342895964023269e-02
3.200177730651836139e-02
9.459552522317801748e-02
2.812826544130481721e-01
2.229007347666629169e-01
1.287957145446654295e-01
1.823506006896503662e-01
1.526519190945211935e-01
1.143404683945432321e-01
8.275043580492556783e-02
8.678634393684310500e-02
2.111885546301734140e-01
1.055533139747338867e-01
2.238127093420249833e-02
5.661458357708620825e-03
3.993750485437917025e-02
6.945284636582711724e-02
1.469995154724075270e-01
3.193054987366983344e-01
3.911060777278033140e-01
1.636569004729091503e-01
2.118188764149945003e-01
1.702342697830909746e-01
5.380340656686311701e-02
7.700221416342527270e-02
9.224420689102340309e-02
4.936203179011582065e-02
5.570095497972257781e-02
5.740950815017661218e-02
1.381164202490838266e-01
4.211796713856160584e-02
8.347416169810789599e-02
6.968915605763482957e-02
7.455034484563594077e-02
1.138234117444877486e-01
1.587410419627803548e-01
1.647410432718616202e-01
1.285882934540643063e-01
6.694192209149089912e-02
2.095952895572020802e-01
2.962113910524969973e-01
3.968011599483506346e-01
2.490073198526699394e-01
8.782820215021695798e-02
3.831931495380427183e-02
6.357774722980784332e-02
1.621901201877596066e-01
2.517529791482597812e-01
1.981741151316789296e-01
1.592682689585044609e-01
5.033754624667282490e-02
7.204195354676427854e-02
8.630210104994225084e-02
4.618227202727022418e-02
5.211286006195905290e-02
5.371135316342744159e-02
1.292193586863900068e-01
3.927409669530382286e-01
3.093001338252153176e-01
1.799699452903778252e-01
1.665148447826507450e-01
6.439039705169891104e-02
1.873251800855822713e-02
4.057155211726685279e-02
6.508217674206417946e-02
1.760930950646243109e-01
1.960937653280188098e-01
2.771303073043629994e-01
3.712403733174633458e-01
2.329669862681822412e-01
8.217056260191436812e-02
3.585089517019413724e-02
5.948225206637351020e-02
1.517423002864848325e-01
2.355357781084833624e-01
1.202526901715009894e-01
1.525469489258228228e-01
1.032234282661282643e-01
1.187514834520160545e-01
1.196141985348948972e-01
9.878632650213414745e-02
9.232853191268763915e-02
1.766211818164706571e-01
1.436738705659427739e-01
4.970327764383337121e-01
3.914343478363880302e-01
2.277607102643497972e-01
2.107326268064504127e-01
8.148917611235469149e-02
2.370691172787202372e-02
5.134527052195439478e-02
8.236465692316354004e-02
2.228543679326819293e-01
1.201534672025059286e-01
3.046940647842157346e-01
1.830981490052570049e-01
6.197400071369122548e-02
1.036754626759017056e-01
9.267257185213031989e-02
1.499380680429420187e-01
2.267198037422722690e-02
3.822978532622463288e-02
1.521856223297091415e-01
1.930555759182225328e-01
1.306342639593585375e-01
1.502857722845706290e-01
1.513775801401279208e-01
1.250188960841729369e-01
1.168462432556106184e-01
2.235226873761737287e-01
1.818262641227626764e-01
1.750996088073369580e-02
1.205327143422764251e-02
2.718598115979605281e-02
5.970062234016844382e-02
7.292826766463789134e-02
3.681196280231074230e-02
2.401333514295229954e-02
2.380653728069166697e-02
2.928150181962773171e-02
2.282049655234285601e-01
5.786990601951191859e-01
3.477544822799487623e-01
1.177059224797957354e-01
1.969086364000173783e-01
1.760110761418109404e-01
2.847742345272533671e-01
4.306041781489653580e-02
7.260903114543842962e-02
1.057426673900440095e-01
4.457542228374670318e-02
1.871560338410568625e-01
3.528596184055802776e-01
1.197538194098484304e-01
8.725462232740847923e-02
1.643526077677595898e-01
9.383087836066250631e-02
3.952482584817092887e-02
3.325630222863080326e-02
2.289252616785975025e-02
5.163376503181296706e-02
1.133881425153016737e-01
1.385111324340123629e-01
6.991619049987642109e-02
4.560802485344903762e-02
4.521525800180280913e-02
5.561374356314032624e-02
2.541032934456054562e-02
2.936090356891300074e-02
5.081421315675686834e-02
9.475145338644791471e-02
1.306240952863552685e-01
8.533917827976350567e-02
3.498219992554441049e-02
2.322326521187886156e-02
2.465748690727982001e-02
5.287535478059302713e-02
2.228940621531713337e-02
9.358513391923656277e-02
1.764432274260598066e-01
5.988146359378658523e-02
4.363062920278445306e-02
8.218255373472967140e-02
4.691900729526920361e-02
1.976391593806116689e-02
1.760663857753736738e-01
1.388963336961760442e-01
9.101503737811642014e-02
9.500118293871838426e-02
5.548427034642915145e-02
1.277020442255402954e-01
1.307240448685108025e-01
1.546144560322310069e-01
3.281279371044885651e-01
1.270613095307500211e-02
1.468156829407941087e-02
2.540903889486307438e-02
4.737932981494814150e-02
6.531701489696221941e-02
4.267283434020527344e-02
1.749243023391851976e-02
1.161251571905696882e-02
1.232968110603007393e-02
4.945717566287839984e-01
2.958754574141475580e-01
2.833432366673608316e-01
3.434250447200691836e-01
1.380860450702768305e-01
7.821628270295676033e-02
2.723446094624926150e-01
1.878918023458816533e-01
1.770783068681494321e-01
1.543351235473164329e-01
1.217528418435164378e-01
7.978136755948531111e-02
8.327551702398314215e-02
4.863603964571514005e-02
1.119402246260586820e-01
1.145892302300469123e-01
1.355309309545282281e-01
2.876282459557964466e-01
1.113392582538885178e-01
9.562509575300608133e-02
1.704058024235192148e-01
1.542744728942952726e-01
1.804751169776037112e-01
5.890967039519859338e-02
1.019307502662491344e-02
2.205009521190934990e-02
6.517889046639881168e-02
4.335284831694029561e-01
2.593565777677150908e-01
2.483711654826853965e-01
3.010372847304053634e-01
1.210425643272465962e-01
6.856231870275092399e-02
2.387300606173883566e-01
1.647009700396518672e-01
1.552221467356774964e-01
1.818750360024256330e-01
1.750158557002010618e-01
9.332357812838319722e-02
8.119942830241384801e-02
4.968743938402740701e-02
8.513280767002595617e-02
9.826928547890265153e-02
2.135430832966677961e-01
1.568365368586763786e-01
1.514090257491909897e-01
1.300395099823659084e-01
2.317329658162427808e-01
2.097961492219607149e-01
2.454261152992359696e-01
8.011060915642004288e-02
1.386144998065663367e-02
2.998568057727738281e-02
8.863605218589655499e-02
2.635619811478524532e-01
2.088580946343929767e-01
1.206816458682090087e-01
1.708625996919480028e-01
1.430349208931076810e-01
1.071370733411326770e-01
7.753719775968755112e-02
8.131884560142367546e-02
1.978837762684948209e-01
2.473298496962508253e-01
2.380021262742960664e-01
1.269097016222803798e-01
1.104222043820773103e-01
6.756939921364014945e-02
1.157711634760392877e-01
1.336353143425951240e-01
2.903948769238149930e-01
2.132802716675178401e-01
7.962853170710909589e-02
3.484392511710452528e-02
9.978565522975438307e-02
1.081107198051729501e-01
1.225418626445016479e-01
1.779971744278043555e-01
1.596577066257968414e-01
2.460681370078564301e-01
2.694177927979496956e-01
4.197955696758161326e-02
8.319984473131231129e-02
6.946014006610666536e-02
7.430535377228343619e-02
1.134493595536673616e-01
1.582193792080864303e-01
1.641996630126562051e-01
1.281657201702101900e-01
6.672193419767991074e-02
2.089065070295750004e-01
2.952379663583061253e-01
3.954971721226128167e-01
2.481890195391079912e-01
8.753957671783357819e-02
3.819338810369910658e-02
6.336881485575356077e-02
1.616571228996283860e-01
2.509256559117418184e-01
1.770901057317369742e-01
1.071793108185254279e-01
4.697363598287840336e-02
4.025992280107897059e-02
7.420529010343170084e-02
1.044778952274268008e-01
1.132190546437381456e-01
2.331820183511747191e-01
2.136619233375389726e-01
1.863592951757679084e-01
3.289884552729643863e-01
2.719631473932872523e-01
1.708419707183118363e-01
8.208069865227021755e-02
6.580248118000438240e-02
5.394600821961278991e-02
4.460542383086506246e-02
7.839285852666964816e-02
1.824296861233036249e-01
2.578194920793120404e-01
3.453718412072634969e-01
2.167335310783787550e-01
7.644480648819801383e-02
3.335275622964170572e-02
5.533744816528982785e-02
1.411686912461777299e-01
2.191233260234569102e-01
1.118733198211235846e-01
1.419172708783165704e-01
9.603067995385400346e-02
1.104767192194485714e-01
1.112793191466831810e-01
9.190276145145506725e-02
8.589495473699466921e-02
1.643139786092006061e-01
1.336624806383889252e-01
1.627401090013074203e-01
2.872924423801731519e-01
2.374945248069235959e-01
1.491894510036299581e-01
7.167778689533714498e-02
5.746267150071747432e-02
4.710888850252938076e-02
3.895213023551072351e-02
6.845734380741076708e-02
1.566962708673252103e-01
1.009559650760797067e-01
1.031241490694919244e-01
8.666540875215711370e-02
8.631091732718426668e-02
8.447408159915674453e-02
1.725862961521202332e-01
2.744044981564722208e-01
3.895775083436375241e-01
1.617080101158137884e-01
2.051352325245497099e-01
1.388081643615815264e-01
1.596892847880545252e-01
1.608494080181483987e-01
1.328414379963454850e-01
1.241574151166349033e-01
2.375086978520966896e-01
1.932032928470959199e-01
1.860557448123949936e-02
1.280745519305363789e-02
2.888703183059109988e-02
6.343614261003487076e-02
7.749145329702959717e-02
3.911531958204533116e-02
2.551587057151917526e-02
2.529613318575009429e-02
3.111367105491818011e-02
2.264976331715086999e-01
1.459274494390389032e-01
1.490614649460449415e-01
1.252710728312434185e-01
1.247586709196246563e-01
1.221036048952688080e-01
2.494659724824602742e-01
3.966397478385473296e-01
5.631173166296922217e-01
2.864643139640729932e-02
3.219378960919715843e-02
6.368304182602808894e-02
9.323990289737819903e-02
1.239648492648356692e-01
9.417480684905019106e-02
4.396902567776034970e-02
2.484088887855285394e-02
1.158242959110605298e-02
4.478512557012418599e-02
3.082858256448925763e-02
6.953342661822556336e-02
1.526959361206164101e-01
1.865282079850986152e-01
9.415374413532939801e-02
6.141876826908890252e-02
6.088984257404830847e-02
7.489312767778719127e-02
3.421922204852443500e-02
3.953932533286979439e-02
6.842976411891078803e-02
1.275985438396271821e-01
1.759070046232298623e-01
1.149233546482529705e-01
4.710933301044869376e-02
3.127397753099839944e-02
3.320539486905200316e-02
6.895428187491151051e-02
7.749306057062967101e-02
1.532902425421983350e-01
2.244360024258213737e-01
2.983934382786832540e-01
2.266863920020128487e-01
1.058370080515421557e-01
5.979403263367422117e-02
2.787984666465669406e-02
5.625767263490033532e-02
8.553077355842188256e-02
5.456466285602132871e-01
5.152115636477931915e-01
1.108165321064477210e-01
9.380744496675257060e-02
4.739262870051437482e-02
2.941450865630288250e-02
3.929000385171100423e-02
1.055919448496455033e-02
1.220084505141638687e-02
2.111571054617197157e-02
3.937371336175649050e-02
5.428049388295011490e-02
3.546246758253772391e-02
1.453675973722898251e-02
9.650365826550497475e-03
1.024635282108884819e-02
4.110046861865566670e-01
2.458818116783019203e-01
2.354671420449936381e-01
2.853970143703943307e-01
1.147538468587690208e-01
6.500019116768299132e-02
2.263269368831918316e-01
1.561439977620047992e-01
1.471576428886492427e-01
1.735970811320639018e-02
2.639265355513200836e-02
1.683728771759423759e-01
1.589813787626515595e-01
3.419520505176876224e-02
2.894662696121292483e-02
1.462417768857556151e-02
9.076580324974643441e-03
1.212391068963861521e-02
4.809167531143772600e-01
1.977012008797487952e-01
2.028547924571492134e-01
1.783532618487541632e-01
1.083395388700340994e-01
3.775623328496234554e-02
6.135693574311570225e-02
7.360501560156165746e-02
2.990862232451067526e-01
3.553385060822297770e-01
2.125797553434750353e-01
2.035756411004565336e-01
2.467430473059692153e-01
9.921166809148096455e-02
5.619661186563688904e-02
1.956733787744120989e-01
1.349959666232939393e-01
1.272267172129027402e-01
1.490725663842953075e-01
1.434504885366703897e-01
7.649200023019010752e-02
6.655452794421429230e-02
4.072595265873810849e-02
6.977849407932011638e-02
8.054571372233629289e-02
1.750290537961738668e-01
1.285499404769118448e-01
4.157817327756999637e-01
1.709246919374189377e-01
1.753802847654778452e-01
1.541972239009034851e-01
9.366610937920434588e-02
3.264255611110231797e-02
5.304679634442382996e-02
6.363600504580721462e-02
2.585781995426032487e-01
9.921486681329677593e-02
5.834804148707478655e-02
3.311313540334345773e-02
9.274606676149253770e-02
1.340858415462312103e-01
9.298804543260269506e-02
1.283034280060525445e-01
1.925993864813019540e-01
2.897319448214427107e-01
2.083089867006490126e-01
2.004528843473035171e-01
1.068873465127071487e-01
9.300105722108141515e-02
5.690907546926136928e-02
9.750611898428893087e-02
1.125518693045592239e-01
2.445797085525684700e-01
1.796313600192724902e-01
6.706565654222301776e-02
2.934665080956204083e-02
8.404262062867999539e-02
9.105425213232862247e-02
1.032086150023371063e-01
1.499148246205264379e-01
1.344687474116610382e-01
2.072463325489177777e-01
2.269121478292680516e-01
1.386395154574530109e-01
8.153358926421781783e-02
4.627118087287813986e-02
1.296002319954195348e-01
1.873670418431982454e-01
1.299383648457803908e-01
1.792868917897432746e-01
2.691319000550413953e-01
4.048616677395668328e-01
4.593590740482096646e-02
3.651495416385186488e-02
8.495901660297204561e-02
1.700619788936083010e-01
3.588330241613561511e-01
2.348480276955912660e-01
5.832874429495701896e-02
1.058614565436810373e-01
9.538601301368183905e-02
2.171670246238844859e-01
1.314348530965179507e-01
5.760414857744906164e-02
4.937106796662055208e-02
9.099854560777093093e-02
1.281220853743045285e-01
1.388414396508161341e-01
2.859529893659177868e-01
2.620153394505216893e-01
2.285339063811557270e-01
4.034411954977650261e-01
3.335106006216728147e-01
2.095048862751202612e-01
1.006562226145234357e-01
8.069411326897027448e-02
6.615442487304012964e-02
5.469999091936995211e-02
9.613379453162167187e-02
5.893776396124091044e-02
8.551207046864002514e-02
6.941885669506478451e-02
5.015485937943608974e-02
8.490398968154641568e-02
7.467936258362443958e-02
5.540413116749819816e-02
1.158414722138581265e-01
5.869898684046524762e-02
3.090026587329817720e-01
2.882626998597751511e-01
1.843418587344571591e-01
7.317124937596469758e-02
4.067027395127514183e-02
1.012018574403366483e-01
8.430231311126129556e-02
7.728303872855718515e-02
1.957445649486175832e-01
1.773544254847877477e-01
3.130917533307523426e-01
2.588219048235749775e-01
1.625868971915651884e-01
7.811456433731059357e-02
6.262290933299644036e-02
5.133934041746217314e-02
4.245009249239309335e-02
7.460492041995860080e-02
1.707678412275112911e-01
1.100219687402726604e-01
1.123848590495930833e-01
9.444809809313595150e-02
9.406177278340643877e-02
9.205998633227634176e-02
1.880848156514434433e-01
2.990464515455845684e-01
4.245621782981960357e-01
2.398024428001411801e-01
2.237071353300939536e-01
1.430590539773987646e-01
5.678476817980136065e-02
3.156228843744168094e-02
7.853800588517088899e-02
6.542306367419309376e-02
5.997573467528169444e-02
1.519081584346225200e-01
1.862518471683501375e-01
6.673625029849108992e-02
2.828789594559939433e-02
1.288364018170342663e-02
3.103008581957382786e-02
4.102378144738708099e-02
1.759738365004809013e-01
3.132795489320466253e-01
1.750607520323374799e-01
1.680467952122032538e-01
1.082688585675077031e-01
1.105940981504702075e-01
9.294314482370066854e-02
9.256297529211472697e-02
9.059308567242074783e-02
1.850878377984151446e-01
2.942813906914977795e-01
4.177971268973899588e-01
2.125382470017808667e-02
2.388573820312241483e-02
4.724875460453550891e-02
6.917806004593783642e-02
9.197401026325578710e-02
6.987169913924676234e-02
3.262221220720530612e-02
1.843035491281404606e-02
8.593423897204766418e-03
1.832840761703787014e-01
6.567286268027217044e-02
2.783715143778734205e-02
1.267834990264918478e-02
3.053564675676734286e-02
4.037010101061468126e-02
1.731698372043244394e-01
3.082876953009912602e-01
1.722713019910982468e-01
4.860192684366000659e-02
5.385466998321870868e-02
3.771607293333821553e-02
1.555899495453702368e-02
1.762611341241787088e-01
3.816215426130404875e-01
4.112554262972948349e-01
2.280293563624680997e-01
5.702709435943308786e-02
2.039765119392536116e-02
2.292354262113708782e-02
4.534542038274243930e-02
6.639134174648768372e-02
8.826899660279419191e-02
6.705703879063745765e-02
3.130808290571871627e-02
1.768791999534462950e-02
8.247252703427859419e-03
1.664181472399983014e-02
2.530121172976892291e-02
1.614099850202647679e-01
1.524068626431192008e-01
3.278109650287257260e-02
2.774956811668809545e-02
1.401940942768391263e-02
8.701227411814510190e-03
1.162253847308613620e-02
4.664408242255559806e-02
5.168522790500163638e-02
3.619674627750345958e-02
1.493222779841745819e-02
1.691607597046082268e-01
3.662485799199849401e-01
3.946887139400849231e-01
2.188435887973591842e-01
5.472985666137718253e-02
1.307588043488548679e-01
1.414276601355115293e-01
4.882368628832762236e-01
4.973515410297149608e-01
1.496431465434606978e-01
6.284959354435384893e-02
1.308909316715224647e-02
1.221874820532450889e-02
3.460241191485811940e-02
1.529456664989944752e-02
2.325293698686008853e-02
1.483429430500452229e-01
1.400686738349293248e-01
3.012728321010091706e-02
2.550308521669460843e-02
1.288445974432796820e-02
7.996814337441631587e-03
1.068162891281797429e-02
4.237060488341651832e-01
1.741823176923209537e-01
1.787228289355340394e-01
1.571360435776877340e-01
9.545127644205846085e-02
3.326468525047964614e-02
5.405780656201080586e-02
6.484883326054050046e-02
2.635063991662983107e-01
1.201731470601332397e-01
1.299782992393522518e-01
4.487113553509936015e-01
4.570881492713133598e-01
1.375286960266998149e-01
5.776156707218607633e-02
1.202945779362923212e-02
1.122957212924424221e-02
3.180115294252434943e-02
1.496456249913513947e-01
8.919799848257996266e-02
1.167722582794323699e-01
1.112597961140594227e-01
9.338875072475794070e-02
6.313261502141918891e-02
5.521536658386622803e-02
8.493093116222001637e-02
2.407154801313694803e-01
4.645869286479228366e-01
1.909881348734878137e-01
1.959667330756610926e-01
1.722971670253803378e-01
1.046608031198916766e-01
3.647419713615863979e-02
5.927352321070532282e-02
7.110571197605815297e-02
2.889305663787180567e-01
1.108608835248382080e-01
6.519703789325768939e-02
3.700001385881288712e-02
1.036327642709158059e-01
1.498250750057395497e-01
1.039031468268277192e-01
1.433639115273213915e-01
2.152070434347179428e-01
3.237411934314071704e-01
1.640840424431647404e-01
9.780418351493312679e-02
1.280389198468978584e-01
1.219945929515297567e-01
1.023992765476499783e-01
6.922390603347887417e-02
6.054276932309659437e-02
9.312541221545646286e-02
2.639406869454762328e-01
1.992302218282214488e-01
2.103429067080046788e-01
9.994520023390977836e-02
6.266398067562323204e-02
8.433222506118831507e-02
7.522460413369559673e-02
6.693313104977259564e-02
7.321666346575184114e-02
2.370236867253708579e-01
1.316558479629023060e-01
7.742651001498811192e-02
4.394036962667492718e-02
1.230718989693970894e-01
1.779288299787602501e-01
1.233929991044594721e-01
1.702557001106630719e-01
2.555749592654014690e-01
3.844676317430251178e-01
4.362198483868080096e-02
3.467559186070417326e-02
8.067938881675654206e-02
1.614954723666669201e-01
3.407575821162918683e-01
2.230180632603767366e-01
5.539055921701174778e-02
1.005289132889638781e-01
9.058114770294815876e-02
2.366012515925409732e-01
2.497984218159281233e-01
1.186926323175959697e-01
7.441830923827774669e-02
1.001510203420081652e-01
8.933501817777249332e-02
7.948825451310363721e-02
8.695043379695160946e-02
2.814839055123573575e-01
4.030388390606892690e-02
5.491451510895751370e-02
8.842274711509048868e-02
1.944580144082448947e-01
1.562030004201934441e-01
1.541619962074549377e-01
1.830148603440426847e-01
2.100744192512356001e-01
1.498999969613980521e-01
7.993944089940159536e-02
1.159831429626124732e-01
9.415532960715196353e-02
6.802686677792676995e-02
1.151583807918945962e-01
1.012903457888994635e-01
7.514664573904655809e-02
1.571200177840003098e-01
7.961557877346604750e-02
4.191115867881845536e-01
3.909812234155423671e-01
2.500295927629676562e-01
9.924483678871742764e-02
5.516257730830240874e-02
1.372637738187976741e-01
1.143423048942325687e-01
1.048218067965805411e-01
2.654954994794077594e-01
1.302176859615548354e-01
5.155257923657215885e-02
2.884385659407308344e-02
5.886258150965412161e-02
8.439481439136586882e-02
1.404337991550259068e-01
8.355488906180870423e-02
8.293479150162050284e-02
1.220517688899430825e-01
1.320284860919281600e-01
2.188773652022386329e-01
2.586317409177160687e-01
2.954588425372057792e-01
1.325167882688931265e-01
8.583479002327910889e-02
9.540906297837867256e-02
1.924438888972257733e-01
1.380205611994761439e-01
2.868786370715259992e-01
2.676236210827915296e-01
1.711433209209738127e-01
6.793232258864370654e-02
3.775835718795406137e-02
9.395599070452857748e-02
7.826642264665507887e-02
7.174971539113172980e-02
1.817296143563066624e-01
2.228153952219830702e-01
7.983740409538510330e-02
3.384116083111862044e-02
1.541285857095051580e-02
3.712167659422435650e-02
4.907725864558887263e-02
2.105196835612710149e-01
3.747802106207529516e-01
2.094273492852166685e-01
9.037247677862830786e-02
1.498198622858857576e-01
1.770314247489616633e-01
2.022392907515620786e-01
9.070671583911404934e-02
5.875324937662430164e-02
6.530676510583241501e-02
1.317263523603846020e-01
9.447400580877739207e-02
4.547439776751213691e-01
2.039720257889284238e-01
1.038277295816046469e-01
9.244792536952986528e-02
6.123371555581624825e-02
3.299397328256725020e-02
2.914244017321584654e-02
3.222926011237125382e-02
2.196964711990458119e-01
1.762458380581352624e-01
6.315097832067977091e-02
2.676818514088112264e-02
1.219149230241645468e-02
2.936305633169572840e-02
3.881986058894325298e-02
1.665199930194456723e-01
2.964492298328503805e-01
1.656559621936985194e-01
4.673557848985359503e-02
5.178661257900738640e-02
3.626774906631110434e-02
1.496151854760995048e-02
1.694925819519385590e-01
3.669670055589026592e-01
3.954629271576432514e-01
2.192728678546026211e-01
5.483721361617661244e-02
3.597001606078178426e-01
1.613408292087283036e-01
8.212720308465447372e-02
7.312583615353883404e-02
4.843555583220107014e-02
2.609806412281548416e-02
2.305152113151987328e-02
2.549317991622368842e-02
1.737787851073524514e-01
8.023166552747135194e-02
1.155449458446315691e-01
3.879979359086251911e-01
1.740283618725773918e-01
1.343999009183910187e-01
1.131962384128985810e-01
5.513655645420154072e-02
3.845931016381080869e-02
5.881289728271615197e-02
3.999392591740288244e-02
4.431634343517791563e-02
3.103609105135841234e-02
1.280330497106971742e-02
1.450431124460529186e-01
3.140316587209938115e-01
3.384170159625988217e-01
1.876425437758804105e-01
4.692689231092546376e-02
1.121162141598358586e-01
1.212639860913224676e-01
4.186277853513211689e-01
4.264429624030915411e-01
1.283081712850280831e-01
5.388897921456961559e-02
1.122295037794399444e-02
1.047669254376498889e-02
2.966906468755168419e-02
6.865816987869678700e-02
9.887747522465724359e-02
3.320288569489663333e-01
1.489246017093784347e-01
1.150125847228655324e-01
9.686757112029752148e-02
4.718305465393515113e-02
3.291151733277042357e-02
5.032907974859954919e-02
2.205142075428485338e-01
5.553319572322051867e-02
2.358445075610821062e-02
2.619550969475225796e-02
4.103281741405855054e-02
7.533025646108891527e-02
6.940342702144135234e-02
1.148150398111238840e-01
2.553050463256394953e-01
1.246246421838473756e-01
1.347930001888340001e-01
4.653326759967832404e-01
4.740197660040482708e-01
1.426230813757601579e-01
5.990119094365930347e-02
1.247505711443648579e-02
1.164554180963975685e-02
3.297914220814038982e-02
1.551888497984775794e-01
9.250210147899712299e-02
1.210977765090238273e-01
1.153811198205887678e-01
9.684808900981585478e-02
6.547119510183052604e-02
5.726067321945910171e-02
8.807697198057307109e-02
2.496321458942383775e-01
2.451162342344506417e-01
6.172884714485129404e-02
2.621568841409813513e-02
2.911805439557471967e-02
4.561071051446636410e-02
8.373459920522173527e-02
7.714653338676875916e-02
1.276245667141999995e-01
2.837885696060322704e-01
3.650694875961674746e-01
1.231090168257134715e-01
5.484597703473545471e-02
1.110817791110716400e-02
1.084925652641088346e-02
3.765136706183399608e-03
9.572179347750477824e-03
2.238161163412332594e-02
1.501441401022065858e-01
2.059035848118077883e-01
1.227312034458933332e-01
1.606717642944457403e-01
1.530869403408196272e-01
1.284974322265371727e-01
8.686676775351952207e-02
7.597309922674465310e-02
1.168599696029647139e-01
3.312103530030295340e-01
2.500073515161702065e-01
2.639522886323062978e-01
1.254178938212356098e-01
7.863493650918497446e-02
1.058256927163985645e-01
9.439684338921700002e-02
8.399215073336832593e-02
9.187714570586523466e-02
2.974331083960797262e-01
4.843718881805779142e-01
1.633402652316084114e-01
7.276929559451442153e-02
1.473826022677784953e-02
1.439472497045865204e-02
4.995559578644995745e-03
1.270030704346847283e-02
2.969578082005261410e-02
1.992102958793494638e-01
1.003076915543927861e-01
1.041859370745238239e-01
1.353766980317646085e-01
1.743646245553354124e-01
1.524748478132309237e-01
1.202852306613710204e-01
1.102300867821704305e-01
1.383683416270376776e-01
1.245603360904136286e-01
2.532609829806786172e-01
2.673874015048472996e-01
1.270501002466644935e-01
7.965830283055236327e-02
1.072029234317649626e-01
9.562533742324770547e-02
8.508523660760569651e-02
9.307284803351656421e-02
3.013039454502510206e-01
4.314178892666502285e-02
5.878119402492779783e-02
9.464883089792483495e-02
2.081503269573391490e-01
1.672016743980601350e-01
1.650169575814473544e-01
1.959014295944033202e-01
2.248663249266615871e-01
1.604548594891762880e-01
1.016131102126615893e-01
1.055418277752140366e-01
1.371385097609245651e-01
1.766338307419132447e-01
1.544591773114743771e-01
1.218506398736284302e-01
1.116646369124563581e-01
1.401690870342400808e-01
1.261813821367628041e-01
1.119192212565111172e-01
8.713341766122108256e-02
1.641845286161601469e-01
3.650090750784898419e-01
2.608102577645481368e-01
2.308575472510624449e-01
8.449322760959447620e-02
4.746787882313861090e-02
1.335910047621241548e-01
1.655045459290229448e-01
6.552248379331418460e-02
3.666006927702065293e-02
7.481337694667390681e-02
1.072644267287239106e-01
1.784890584609390984e-01
1.061968953925912368e-01
1.054087615506111159e-01
1.551257990863692537e-01
1.678060432343439212e-01
2.781895460239746654e-01
3.287167063931459854e-01
3.755233493342217121e-01
1.684266673030176686e-01
1.090946121705003991e-01
1.212633562726042197e-01
2.445930306130160714e-01
1.754218725475765739e-01
1.059844796501921843e-01
8.247936886025571124e-02
6.896595335749645950e-02
9.973357470373858669e-02
2.081546283222745208e-01
1.942123857303040824e-01
1.444103552393843359e-01
1.194252030397139341e-01
1.197188163832143826e-01
1.899382177376242598e-01
1.230639256820456884e-01
1.612972323038195654e-01
1.231845572403098971e-01
1.175817780223088194e-01
2.205521054601402020e-01
1.359894853112687818e-01
9.250060399017147328e-02
1.618594023355101330e-01
1.037269989105791129e-01
1.719590437935882843e-01
2.031917134135286240e-01
2.321245963286962255e-01
1.041106291473358342e-01
6.743533486429022228e-02
7.495727675561601744e-02
1.511918196205882525e-01
1.084346191109650803e-01
5.219424072269591708e-01
2.341133810974647123e-01
1.191705614042204014e-01
1.061091407019869870e-01
7.028234450525666643e-02
3.786955888262062003e-02
3.344887700160538435e-02
3.699184251366320619e-02
2.521614593405789306e-01
1.174076983439392985e-01
7.607027398486795877e-02
9.970366690604084980e-02
7.614484072436958351e-02
7.268155976833026721e-02
1.363312522114682734e-01
8.406003099085788965e-02
5.717797681408359062e-02
1.000511645833640356e-01
1.039805713000699072e-01
2.423263658086046712e-01
1.953088065814391761e-01
1.459974011023916496e-01
2.158270218069003044e-01
2.585531722780805008e-01
1.757349357553953939e-01
1.109600368647396668e-01
1.363618096713850592e-01
3.659383663950735444e-01
1.641389299735147023e-01
8.355151824956319473e-02
7.439404246604111592e-02
4.927556369928350749e-02
2.655067747270115422e-02
2.345129891389479207e-02
2.593530288392046843e-02
1.767925947790721097e-01
8.162310677500622669e-02
1.175488180381778353e-01
3.947269041835863579e-01
1.770464999027235864e-01
1.367307707136642958e-01
1.151593774572895745e-01
5.609277839466646209e-02
3.912630205737108874e-02
5.983287724484448455e-02
7.290168392434982769e-02
1.698971250670882893e-01
1.369327048988090989e-01
1.023600491502196785e-01
1.513182042508149083e-01
1.812738803738609128e-01
1.232092936278870315e-01
7.779504800376121909e-02
9.560445209834096680e-02
1.483820853616408253e-01
4.372478347524708653e-01
1.969952420552756323e-01
2.842726324610861943e-01
2.339628356665938436e-01
5.082405574218248206e-02
1.438855868914303004e-02
1.745177180019569230e-02
5.458531013497820716e-02
7.118426647219808223e-02
1.025154115952349732e-01
3.442449845556992960e-01
1.544038903320034406e-01
1.192441699659839288e-01
1.004315583611466445e-01
4.891903092366197553e-02
3.412240996169069868e-02
5.218080572864842309e-02
2.286274472268772506e-01
5.757639344885920329e-02
2.445217852717845516e-02
2.715930450492350448e-02
4.254251189724306270e-02
7.810183491373536013e-02
7.195694338935398893e-02
1.190393569093223802e-01
2.646983233233561883e-01
1.294053892508513770e-01
3.813278814442571663e-01
1.718013728988795064e-01
2.479167924303949944e-01
2.040411532556570817e-01
4.432412916016564147e-02
1.254839513401676161e-02
1.521985162438736772e-02
4.760435390956811730e-02
5.658612064511438916e-02
6.671627943170703283e-03
1.072134072797507193e-02
1.256872392985057714e-02
4.941490645300092993e-02
9.649130695823773807e-02
1.307086020555200401e-01
4.033774275578952406e-01
4.034728136069636317e-01
2.563353395525138079e-01
6.455421054619296661e-02
2.741559494098274805e-02
3.045080381521773211e-02
4.769833790679992719e-02
8.756717802311692056e-02
8.067757279626694422e-02
1.334660135674070047e-01
2.967777290569205695e-01
3.817789195215748332e-01
1.287437844684384824e-01
5.735630767255123219e-02
1.161660534458875543e-02
1.134583298521885109e-02
3.937469091166001696e-03
1.001030327928527537e-02
2.340603035080058084e-02
1.570163202577057882e-01
6.344392427708352156e-02
7.480178057902291990e-03
1.202068495842699772e-02
1.409195682923804378e-02
5.540361395023529062e-02
1.081853129753967135e-01
1.465494816861922234e-01
4.522636766278734233e-01
4.523706227341834363e-01
2.645828114742466153e-01
1.256498769479656996e-01
1.347531504113873846e-01
1.455074883501275562e-01
4.752138185335245957e-02
6.031996233489994585e-02
1.080854505102980256e-01
1.314102506540154314e-01
7.124481453816826348e-02
5.147331743180474373e-01
1.735787217801399718e-01
7.733060367097216448e-02
1.566208042946241885e-02
1.529701177603672718e-02
5.308690083294500227e-03
1.349638473829272746e-02
3.155716485276318511e-02
2.116971493535297344e-01
1.065951549670848542e-01
1.107164957716890580e-01
1.438623487591988714e-01
1.852941074331760918e-01
1.620322407920298524e-01
1.278249215380222181e-01
1.171395034667817581e-01
1.470415138631180896e-01
1.323679981321267962e-01
3.567235995921357317e-01
1.694073630234670669e-01
1.816808454158009012e-01
1.961803743888350382e-01
6.407067147659485651e-02
8.132634909831240599e-02
1.457261367612464886e-01
1.771737830413372128e-01
9.605577381508499657e-02
7.020233335127609720e-02
5.881602825899742010e-02
3.664529987291632179e-02
5.985833181979789003e-02
8.579764697172680143e-02
9.930531307006863762e-02
1.491319100037981904e-01
3.079362143036249999e-01
1.752460331304499519e-01
9.988706280645961999e-02
1.037490453508204957e-01
1.348090114455216260e-01
1.736334465910735481e-01
1.518354621057829423e-01
1.197808284048350880e-01
1.097678496130236742e-01
1.377881099280496846e-01
1.240380066718023561e-01
1.100181094693642309e-01
8.565332902666490666e-02
1.613956140837408404e-01
3.588088616812140086e-01
2.563800137932414347e-01
2.269360939090585838e-01
8.305798646746277714e-02
4.666156742346668634e-02
1.313217660115436336e-01
6.578446161820615534e-02
5.511470301391359350e-02
3.433919084875685507e-02
5.609141383414948528e-02
8.039835351201138347e-02
9.305597469892540330e-02
1.397469562814225852e-01
2.885576177268798781e-01
1.642177031713064894e-01
1.891677506587556568e-02
1.329503900535683285e-02
1.328953636185950873e-02
3.597918325516221566e-02
3.091710224304783372e-01
4.361157290870335546e-01
2.487052330745807838e-01
1.449274672985373658e-01
4.589798043547205914e-02
1.218397782219070857e-01
9.481829832994989604e-02
7.928327326485599957e-02
1.146537366913371186e-01
2.392946008166152994e-01
2.232665960471582334e-01
1.660141722013115662e-01
1.372912364196202939e-01
1.376287743758678461e-01
2.183530116994302217e-01
1.414743126701807907e-01
1.854273293275461865e-01
1.416129907327988713e-01
1.351720346645079451e-01
2.535467429224616542e-01
1.563335385098174046e-01
1.063387121657157625e-01
1.860736001042698207e-01
7.713537482162159675e-02
1.843976331420988102e-01
3.251781848910495487e-01
2.410650875270528848e-01
2.468645161809196464e-01
1.874166388667670713e-01
1.608426107073389344e-01
7.621393510463206344e-02
4.938878109964117691e-02
3.529106617947611740e-02
3.001529479283501778e-02
8.745349130316094899e-02
2.172509341542492867e-01
1.999715797273375895e-01
1.834344274228077720e-01
1.810170934599461268e-01
8.899655462939545791e-02
6.248957322487987825e-02
1.275029160073595513e-01
8.261112253590249810e-02
1.082766159839544384e-01
8.269210084360908986e-02
7.893103213111130056e-02
1.480535982314850896e-01
9.128787313082235844e-02
6.209438459342037087e-02
1.086539930025779976e-01
1.129212669686446985e-01
2.631626264876706367e-01
2.121022957804738762e-01
1.585508840784796147e-01
2.343847551882810853e-01
2.807846834015566007e-01
1.908453795554332366e-01
1.205008569292742582e-01
1.480867831529180667e-01
2.060751904391365866e-02
1.752683684608397768e-02
5.106673395247873087e-02
1.268593796549952746e-01
1.167694429098651149e-01
1.071129003924308071e-01
1.057013461077903199e-01
5.196777521656598814e-02
3.648954848030792203e-02
6.327968850672606449e-02
3.410369831805232788e-01
4.048752877011295159e-01
2.824046036882452149e-01
1.207757762384987499e-01
1.225352237595006694e-01
2.248755220350756590e-01
1.990950132634028980e-01
6.236408380668895246e-02
6.282724148769158745e-02
1.464186714223377206e-01
1.180096762534009608e-01
8.821469108074771193e-02
1.304072121271590556e-01
1.562232481416724605e-01
1.061827330671799297e-01
6.704438093022357936e-02
8.239266469501486945e-02
1.278768419003459555e-01
3.768236044104347759e-01
1.697720406208496347e-01
2.449883784098577100e-01
2.016310019782754925e-01
4.380056881555051407e-02
1.240017243443495079e-02
1.504007345587195232e-02
4.704204727410074560e-02
3.520761303698376893e-02
1.897464797704236372e-01
2.252648961143937367e-01
1.571245409253502756e-01
6.719734079592426523e-02
6.817626387440516023e-02
1.251164559771674456e-01
1.107726720845975260e-01
3.469818802661375767e-02
3.561516579792207704e-01
3.913140744736020582e-01
3.507266683023599896e-01
1.343693818414002095e-01
5.409319009589121097e-02
5.286174269560723477e-02
4.045666433343194507e-02
4.334798699380047055e-02
1.238556273165888899e-01
1.127612436526907319e-01
3.322814173353089706e-01
1.497042478792271480e-01
2.160296877794322667e-01
1.777973415994016371e-01
3.862315129885434545e-02
1.093441818264762576e-02
1.326227143483557636e-02
4.148147292165743627e-02
4.930800312385225787e-02
5.813521897466276955e-03
9.342359859272708275e-03
1.095213228492306588e-02
4.305915185510791193e-02
8.408057683898072232e-02
1.138968369803664837e-01
3.514949466646898335e-01
3.515780641421174524e-01
3.140529847773479988e-01
3.450590508860981731e-01
3.092692524480608052e-01
1.184863371671878579e-01
4.769914002965069955e-02
4.661325506185404893e-02
3.567451085343780609e-02
3.822406661458519622e-02
1.092153541020858820e-01
7.188014953062329959e-02
1.236285515620790532e-01
2.384837652173684153e-01
2.105288780334643173e-01
1.301983088947874234e-01
9.925379047165595880e-02
6.356454155501611858e-02
3.887044335185425165e-02
2.136553982896395934e-02
6.534688299884271190e-02
7.704541071977992657e-03
1.238123748640832314e-02
1.451463579275447634e-02
5.706540885943926777e-02
1.114302601825344491e-01
1.509451368654977643e-01
4.658290277277700731e-01
4.659391816120995178e-01
2.725187986386527483e-01
1.294186622485380966e-01
1.387949824036827096e-01
1.498718896256200361e-01
4.894675440239181635e-02
6.212921987578075289e-02
1.113274024085688929e-01
1.353518145698677788e-01
7.338175582530259700e-02
9.526128465431128733e-02
1.638423781622493358e-01
3.160576319352945140e-01
2.790095945717869230e-01
1.725491425119012601e-01
1.315390083198370030e-01
8.424078033412352173e-02
5.151419958027125129e-02
2.831531076007087061e-02
1.467351306321285909e-01
1.656526541912920203e-01
9.411699518713459445e-02
3.213482875427878249e-02
3.517191378133013857e-02
3.906725626302536697e-02
3.837199259613813945e-02
7.369486460849442033e-02
8.855562530989331826e-02
4.353923840787187194e-01
2.067670200446765361e-01
2.217471917121980884e-01
2.394443233143848382e-01
7.820027168265315798e-02
9.926136948275236793e-02
1.778633378324411818e-01
2.162461801877211265e-01
1.172390960780101271e-01
8.568415804462771457e-02
7.178681420294438786e-02
4.472674220374274479e-02
7.305897851388296060e-02
1.047187293077200959e-01
1.212052610443941081e-01
1.820201912993874016e-01
3.758458443543533645e-01
2.138933007298765010e-01
2.344328489380153591e-01
2.646566196446034636e-01
1.503669586155284843e-01
5.134053053653213350e-02
5.619275980358908601e-02
6.241619267640612090e-02
6.130539772574025714e-02
1.177393374568466572e-01
1.414817804124413325e-01
7.371200242511691259e-02
6.086094865450152047e-02
1.379841571820213664e-01
1.225956593720728544e-01
9.184354619871804015e-02
6.281397920379494515e-02
7.604645534648654670e-02
1.266115553793035198e-01
1.228505727083208099e-01
8.279708844997599182e-02
6.936800618391376905e-02
4.321970495868986128e-02
7.059730578117213995e-02
1.011903027435305108e-01
1.171213319744388581e-01
1.758871443989388217e-01
3.631819735260201076e-01
2.066863110233861656e-01
2.380887309540785993e-02
1.673329071021479111e-02
1.672636501911465082e-02
4.528381847410477973e-02
3.891262444148563815e-01
5.489003285488851525e-01
3.130232987290878510e-01
1.824073958131636475e-01
5.776773195844350089e-02
7.122832649459533150e-02
5.881028026524624808e-02
1.333348745860907236e-01
1.184648817734292037e-01
8.874894019748728879e-02
6.069750477471893418e-02
7.348412160799629167e-02
1.223454648882612433e-01
1.187112059776935097e-01
1.254605175829415498e-01
4.398136457651563580e-02
4.314238357937721924e-02
4.506263967262744141e-02
8.342298797715604064e-02
6.604086257287987427e-02
5.359421146906388767e-02
8.795616777354288429e-02
1.778328523723127774e-01
8.925858565177889614e-02
2.133790361408308689e-01
3.762857824352185410e-01
2.789527997037180573e-01
2.856637128279445048e-01
2.168725328883565895e-01
1.861219184774414170e-01
8.819232511837175881e-02
5.715111592072775332e-02
4.083769166362292979e-02
3.473273796005046932e-02
1.011983796290858439e-01
2.513958240169263392e-01
2.314007084076661613e-01
2.122644453270253473e-01
2.094671838750390425e-01
1.029839630969737047e-01
7.231093304381755460e-02
6.562383464697614521e-02
1.004352040612954411e-01
8.373258331850910730e-02
8.212800392846586472e-02
1.818200237174338318e-01
1.925657556183427710e-01
1.343790287213517121e-01
1.066287249272176024e-01
1.365227829163229989e-01
1.189095734290552542e-01
1.318018317701911135e-01
1.047287182074756046e-01
1.043264198625245970e-01
1.883767445888232250e-01
1.647621573347217983e-01
1.885744717331279963e-01
1.186341281805814579e-01
7.848034131892760168e-02
2.121913291833960047e-02
1.804701865773348721e-02
5.258235176850005466e-02
1.306244596014325410e-01
1.202350619996969960e-01
1.102919214026946843e-01
1.088384733712547126e-01
5.351013518128418939e-02
3.757252766254411819e-02
6.515777656660322326e-02
3.511586746932713332e-01
4.168916465283383221e-01
2.907861353733270926e-01
1.243602999399991277e-01
1.261719663871549435e-01
2.315496388466309063e-01
2.050039862058240514e-01
6.421499748730973012e-02
6.178503096201552747e-02
6.848380682847363121e-02
5.441670431121056056e-02
5.420767138827609771e-02
9.787994911854765168e-02
8.560988572015887366e-02
9.798268750521077486e-02
6.164191049900716313e-02
4.077813231070484545e-02
2.467106692099202137e-01
2.095820120908929440e-01
8.722747598603770858e-02
1.389846430339720107e-01
3.090390278219261599e-01
1.815344152960073065e-01
1.585176614115874905e-01
2.385077845837987598e-01
1.761298147249675261e-01
4.025558641667612708e-02
2.169518224832419073e-01
2.575627743536860748e-01
1.796526373076405558e-01
7.683191577172901465e-02
7.795119422266151565e-02
1.430553187586557917e-01
1.266549615000444606e-01
3.967312141099043482e-02
4.072157300230670463e-01
4.474196397377595003e-01
4.010129198377517246e-01
1.536349043824652427e-01
6.184892699688079171e-02
6.044091796236745334e-02
4.625723264721642858e-02
4.956310541657160673e-02
1.416137158573393395e-01
1.524220620718102492e-01
1.294833440254332946e-01
5.389062338361397253e-02
8.586708453020829024e-02
1.909295857861969536e-01
1.121550600346116061e-01
9.793491665573923755e-02
1.473541799503980954e-01
1.088160055610029597e-01
8.970791961651924940e-02
1.726879189211439625e-01
9.592674421792414530e-02
8.375689159571247933e-02
1.140724673735407230e-01
8.328129309372400702e-02
3.165919524538626795e-02
3.035966311700081383e-02
4.089841249272885976e-02
4.022831270223427569e-01
4.420000468909201508e-01
3.961554514594823884e-01
1.517739252146663442e-01
6.109975111686478250e-02
5.970879729185499946e-02
4.569691891732211020e-02
4.896274765905288262e-02
1.398983493125792177e-01
9.207418087273784579e-02
1.583607949050235830e-01
3.054834676502810042e-01
2.696749258531999094e-01
1.667762618857103196e-01
1.271381809285007658e-01
8.142238343196257777e-02
4.979071767591945058e-02
2.736798116728477587e-02
8.862128783669061260e-02
1.705961506414386819e-01
9.476478383306316533e-02
8.274234460168317096e-02
1.126907078947630148e-01
8.227250702302128793e-02
3.127570750177905562e-02
2.999191660243612570e-02
4.040301013640272554e-02
7.737296269336012278e-02
8.808799511814491279e-02
1.568823908050309968e-01
1.313518778439052848e-01
1.621290686909526990e-01
7.529317158969729695e-02
9.496173217637778052e-02
7.188705003131705407e-02
2.289849282428333202e-02
1.256360173111433498e-01
2.160846763067419130e-01
4.168348375862947486e-01
3.679737721446912357e-01
2.275676538933496251e-01
1.734811490977908599e-01
1.111015474415311399e-01
6.793986553637920700e-02
3.734384735343444089e-02
1.935226622142414976e-01
2.184721716186945606e-01
1.241268630746781843e-01
4.238124560585042333e-02
4.638672661966089517e-02
5.152412653232252282e-02
5.060717314033507525e-02
9.719299208795778577e-02
1.167922111779893801e-01
1.055760777692204555e-01
1.201968323222302043e-01
2.140673811069479515e-01
1.792307750362434893e-01
2.212265185269456369e-01
1.027381847939410897e-01
1.295761060757922301e-01
9.809050242504775696e-02
3.124519179646119069e-02
7.812589196751079657e-02
1.340924388459452388e-01
9.782304335422478681e-02
1.088984373406606948e-01
1.344949396822697485e-01
1.208763366814117751e-01
2.361226501423457080e-01
2.098714878400577410e-01
1.638663055640759425e-01
2.885788832382497615e-01
3.257833195502540247e-01
1.850966244268714700e-01
6.319845121623307582e-02
6.917138081823384632e-02
7.683221553692382022e-02
7.546486463954767132e-02
1.449331297658369710e-01
1.741592715139370084e-01
9.073697409495584676e-02
7.491776291205784477e-02
1.698538159841548878e-01
1.509110972788792748e-01
1.130562893158134213e-01
7.732187725609458717e-02
9.361060643817424587e-02
1.558545290130300964e-01
1.512248869471370105e-01
1.165004780216240265e-01
1.999571823273960658e-01
1.458726553424378736e-01
1.623881620611858367e-01
2.005573871846463574e-01
1.802494749211106528e-01
3.521035206197137279e-01
3.129580737029400983e-01
2.443556476486857532e-01
1.642243558764483746e-01
9.612829813393444778e-02
1.263164242375264257e-01
1.141784475598052739e-01
7.810378465558602545e-02
1.456602371415725850e-01
7.655907345080258108e-02
6.814429011157305260e-02
7.673424951871490873e-02
1.260714570095004816e-01
1.040919825729620246e-01
2.359977095702643080e-01
2.096783819674280236e-01
1.570822838241920927e-01
1.074322989235267645e-01
1.300641294567879691e-01
2.165468680236105059e-01
2.101143665378455982e-01
2.220603940490958328e-01
7.784535993342600602e-02
7.636039514598924605e-02
7.975917615660017834e-02
1.476555488519603332e-01
1.168898411134073750e-01
9.485973712569044369e-02
1.556791064721142481e-01
3.147574554406249447e-01
2.281760443115936343e-01
1.335622520639297983e-01
1.755061352518743345e-01
1.586414291034607682e-01
1.085186940351516721e-01
2.023827497880851534e-01
1.063724466625849824e-01
9.468080710134343936e-02
1.066158391972731323e-01
1.379305320150987502e-01
9.229980113177478629e-02
1.247026767144298609e-01
2.575035534996120701e-01
3.402764620106262239e-01
2.077204810102244170e-01
7.378456328639128314e-02
8.566561496745545012e-02
5.221222172398705397e-02
5.186808801757451098e-02
7.938246876821865305e-02
6.618096953441966745e-02
6.491273421288343282e-02
1.437078013539688226e-01
1.522010655932185819e-01
1.062111552445893503e-01
8.427773414154651754e-02
1.079055461906682500e-01
9.398433136267010657e-02
1.041741776887893378e-01
8.277599751942271711e-02
8.245802698207915782e-02
1.488901345274778187e-01
1.302255213304057413e-01
1.490464150767543683e-01
9.376662359736323560e-02
6.202967676420286652e-02
1.043061453020496798e-01
6.710251350823986938e-02
1.029559218125287029e-01
1.680257129673258798e-01
2.353278410493967743e-01
1.428697128116833415e-01
7.820582886289996483e-02
9.304233600757892686e-02
1.259250197601869403e-01
1.443188785582656120e-01
4.306915444839716778e-01
2.001844322079733562e-01
2.267945426039153500e-01
3.846299573478724199e-01
2.523869180625087916e-01
1.831243965094280224e-01
2.299597346302459655e-01
2.114896318438163891e-01
4.828962155803871031e-02
5.352521578623058857e-02
4.253072332746031525e-02
4.236734846813748623e-02
7.650049902800214185e-02
6.691052701090294264e-02
7.658079675925190399e-02
4.817776221463020841e-02
3.187115951011139370e-02
1.928228353207720180e-01
1.638040135557028987e-01
6.817479475600253525e-02
1.086268908502408259e-01
2.415371080635966838e-01
1.418827194534120761e-01
1.238934052576084605e-01
1.864116676299573394e-01
1.376586199881496553e-01
7.415176474860012135e-02
2.212914790139047794e-01
1.028557668387422713e-01
1.165281752285950156e-01
1.976248041659276200e-01
1.296776662953323667e-01
9.409023480053062272e-02
1.181544667911770680e-01
1.086644352001344127e-01
1.035513851058682405e-01
5.002909143860836960e-02
3.754175904871455416e-02
1.529353536479015896e-01
6.418144219176201704e-01
3.360801185102437749e-01
6.907863959061576187e-02
5.727174007426541480e-02
6.014232790729323597e-02
1.811752275699302639e-01
1.539093094625053892e-01
6.405664523034561297e-02
1.020652021699955531e-01
2.269468781910957411e-01
1.333121875448500804e-01
1.164095313432140233e-01
1.751513312640801956e-01
1.293432479707388727e-01
1.066305791328995139e-01
2.052640712495797104e-01
1.140225337296441460e-01
9.955693873406579186e-02
1.355912979718634226e-01
9.899162249533728641e-02
3.763144144160304044e-02
3.608676329006519495e-02
4.861356085792933185e-02
9.729628615058605323e-02
4.700704670911085709e-02
3.527402098258450303e-02
1.436971790947493277e-01
6.030451411791972749e-01
3.157789472991074931e-01
6.490589264093649113e-02
5.381219773072770662e-02
5.650938555624176324e-02
1.816300234391692858e-01
1.461874535865984037e-01
1.172098561967982872e-01
5.820248601556574086e-02
3.963720712845505284e-02
6.034379842006956651e-02
1.641833595262259526e-01
1.536877439558715919e-01
2.335024745982365590e-01
1.422933218368774289e-01
2.739149199917692012e-01
1.521575257359036315e-01
1.328538927536395964e-01
1.809399926126582236e-01
1.320995057274118589e-01
5.021732838533841253e-02
4.815603051808006740e-02
6.487243262715897130e-02
1.242326324831496132e-01
1.414370491028011378e-01
2.518956457335169707e-01
2.109029950271481268e-01
2.603198882966767380e-01
1.208932499026084406e-01
1.524737526231967621e-01
1.154242665132532569e-01
3.676659060777254240e-02
2.423764326390612511e-01
1.950800469327413633e-01
1.564108525517639292e-01
7.766838688925400969e-02
5.289392514331794221e-02
8.052586414957726979e-02
2.190947081719161194e-01
2.050888196512582751e-01
3.115976958758049364e-01
2.287740416504533414e-01
2.232157479607432549e-01
1.520989421247962436e-01
1.733533178920020623e-01
7.143027575085468539e-02
6.833060580720731747e-02
7.442149622942216547e-02
1.195978299146449181e-01
1.797440727203344080e-01
1.191727274370745493e-01
1.356764206418828722e-01
2.416361187199182192e-01
2.023130689550675654e-01
2.497172479914839260e-01
1.159693554878169774e-01
1.462636072300629864e-01
1.107231198266197120e-01
3.526911402996214112e-02
8.818736048874950550e-02
1.513615773915334972e-01
1.104212159519803033e-01
1.229229581713577463e-01
1.518159144295635199e-01
1.364434351919598387e-01
2.665317827836298781e-01
2.368998559678277827e-01
1.849698812622615485e-01
2.194562408068213566e-01
2.141243323890481554e-01
1.459040624915056983e-01
1.662927629442143562e-01
6.852097241009753870e-02
6.554754977583690523e-02
7.139036264735962312e-02
1.147266970167179628e-01
1.724232269620103175e-01
2.046214323365048438e-01
1.864182535504005367e-01
2.703582886085380554e-01
2.429670154807534177e-01
1.426182660558102666e-01
1.267448190011455367e-01
1.156161240225444531e-01
1.043222066958892497e-01
1.643255545345255197e-01
1.088971401159947588e-01
1.869070897465697767e-01
1.363523588716020751e-01
1.517899903713142429e-01
1.874681225727711509e-01
1.684855947344295890e-01
3.291236831933259110e-01
2.925330417625852109e-01
2.284079143022441361e-01
1.535063460341953290e-01
8.985453904369525291e-02
1.180724541455714094e-01
1.067266556609236805e-01
7.300638525835181913e-02
1.361538040246552672e-01
7.156248875798873477e-02
6.369689150123129806e-02
7.172623205875765240e-02
2.526744044088565233e-01
2.301964200373910474e-01
3.338487995666961639e-01
3.000250033761708846e-01
1.761105130679256059e-01
1.565093709262899146e-01
1.427672308999139716e-01
1.288210679717681217e-01
2.029155066849706035e-01
7.578926298830823693e-02
3.778925707169211723e-02
8.838532171030592799e-02
7.238010868485157678e-02
9.099726110418787650e-02
8.316367744865889311e-02
9.106975684579030061e-02
5.154137628143235644e-02
9.207483166492720639e-02
2.602471900150623019e-01
1.523350135049872378e-01
2.001742937892758145e-01
1.809391790830149338e-01
1.237714733461945660e-01
2.308285346026329732e-01
1.213235614741448726e-01
1.079886105959231152e-01
1.216011638991248284e-01
1.573172743988539568e-01
1.052729437744615998e-01
1.422301859084255660e-01
2.936968094935208939e-01
3.881038140252877633e-01
2.369165074036709007e-01
8.415530788827946251e-02
9.770629359209979936e-02
5.955087892379862247e-02
1.284894288450201538e-01
6.406606775379784791e-02
1.498441739246429982e-01
1.227097145157850927e-01
1.542723288857154318e-01
1.409916523093528995e-01
1.543952346386534002e-01
8.738074153470981598e-02
1.560991895837929855e-01
1.389154430953929154e-01
1.091050627324667843e-01
2.488174569897097788e-01
2.419575411634824758e-01
1.304732581834938121e-01
1.450909093894478807e-01
8.305763969610671649e-02
2.977201726131446444e-02
4.562962431301420541e-02
8.900950270835857048e-02
5.726183572936593968e-02
8.785729138850410791e-02
1.433845063503193240e-01
2.008166828961212569e-01
1.219176689218909176e-01
6.673683430466997857e-02
7.939754685475722273e-02
1.074579388868875385e-01
1.231543124779512499e-01
3.675300250450333484e-01
1.708271042821931096e-01
1.935348046434562375e-01
3.282234343061140591e-01
2.153740223242407437e-01
1.562689467612045080e-01
1.962358168170372785e-01
1.804743805255165368e-01
1.353745031027764611e-01
1.645753959972442726e-01
1.022041236421848825e-01
1.011408632599239688e-01
2.817477817640696158e-01
2.872353801581674637e-01
1.241302773797482856e-01
1.760839199748410466e-01
1.667173304006196177e-01
5.616617101816463731e-02
2.886166939661875819e-02
2.575446004778403006e-02
6.261949248644860244e-02
9.833742211624810214e-02
1.263084635018201229e-01
1.426293009562340786e-01
1.579046955980787648e-01
1.867375808383641145e-01
7.723445491475788849e-02
2.304911665536885645e-01
1.071317602967724603e-01
1.213725678209409825e-01
2.058406037825195323e-01
1.350687189292679169e-01
9.800182129526131825e-02
1.230664687387996725e-01
1.131819107711910938e-01
1.078562973037118372e-01
5.210893658757385916e-02
3.910247188990047251e-02
1.592932914845347769e-01
6.684963898202254118e-01
3.500518814195308082e-01
7.195042617154900899e-02
5.965268178919628378e-02
6.264260775145094606e-02
3.522380593869710308e-02
1.810018065081468730e-02
1.615153901955833013e-02
3.927091363605728080e-02
6.167089923246208555e-02
7.921253534203445690e-02
8.944791369932668379e-02
9.902765764034303364e-02
1.171097867217091026e-01
5.575257589726049373e-02
3.182742846595084524e-02
1.404287263952345155e-01
1.148080470479907328e-01
1.062507705926217794e-01
1.320285874841271023e-01
1.283797396208637143e-01
1.624819162776937609e-01
1.989853112473684293e-01
9.195317090370715152e-02
4.442561140547068854e-02
3.333691560284706562e-02
1.358059160370173046e-01
5.699283613320828001e-01
2.984376553062572102e-01
6.134152571283679745e-02
5.085705128538333536e-02
5.340612055504732197e-02
1.716556432657390940e-01
1.381594348094783153e-01
1.107731688934378983e-01
5.500624284185698376e-02
3.746049335929882429e-02
5.702996310169120009e-02
1.551670789848428045e-01
1.452478398189541164e-01
2.206794709506068597e-01
4.753200571466555807e-02
2.713455813260495786e-02
1.197228812857322189e-01
9.787990349415999491e-02
9.058437486911298520e-02
1.125613206887381423e-01
1.094504858134458247e-01
1.385243865193435675e-01
1.696454522347758676e-01
9.944705717423908686e-02
2.493793199885278866e-01
1.545840770338355596e-01
1.959152130661951374e-01
2.896149818197422121e-01
1.849496639514636720e-01
8.168691914681969202e-02
9.569031764078340940e-02
9.245563148143966237e-02
2.037403537888367588e-01
1.639832608577398987e-01
1.314781395547871545e-01
6.528763729512307434e-02
4.446235512521150290e-02
6.768961764289387062e-02
1.841698587200603365e-01
1.723965825345193659e-01
2.619273833940059526e-01
1.923062555053618450e-01
1.876339830798897101e-01
1.278535703409790780e-01
1.457198867613549720e-01
6.004391389977042914e-02
5.743834765691797906e-02
6.255831809298378898e-02
1.005333064517590497e-01
1.510919216391894970e-01
1.180350277244985591e-01
2.959916138814361886e-01
1.834778859919985461e-01
2.325343581097911172e-01
3.437478531780895907e-01
2.195192028045523658e-01
9.695528495458979878e-02
1.135761038751156304e-01
1.097368120816014786e-01
9.627938590802541385e-02
1.443368324459030905e-01
1.725281062315212333e-01
1.400276624357812416e-01
1.944017649036209050e-01
2.101024047619786117e-01
1.850614304935140619e-01
1.454103744478792981e-01
1.046294951377838844e-01
2.026501335033918383e-01
1.977265462373512805e-01
1.347306307347984344e-01
1.535579507212877504e-01
6.327359001338039857e-02
6.052787409489194387e-02
6.592324040617257574e-02
1.059408489882344845e-01
1.592189396595684869e-01
1.889513846960922672e-01
1.721422176492671263e-01
2.496540680677047375e-01
2.243604371562939459e-01
1.316964628117965053e-01
1.170386150651998997e-01
1.067621630725804349e-01
9.633314157103375908e-02
1.517413924617149190e-01
1.014581161523470665e-01
1.521005038954826027e-01
1.818081459130190536e-01
1.475595498035567887e-01
2.048583573502909261e-01
2.214035121349003654e-01
1.950156197326282648e-01
1.532317901838577134e-01
1.102573657957434949e-01
7.916407635646734164e-02
1.670260753192173986e-01
3.083995929080008414e-01
3.828750081499094904e-01
1.637965810417100487e-01
8.090620246236049362e-02
7.582756077282312712e-02
6.102040666188764118e-02
7.172392466278121326e-02
2.311016670770711656e-01
2.105427993400272868e-01
3.053455861983549458e-01
2.744095849646996932e-01
1.610746179654173882e-01
1.431469745377245417e-01
1.305781056143682783e-01
1.178226327774449245e-01
1.855910652303553732e-01
6.931855667817964084e-02
3.456290053321262740e-02
8.083919398240005383e-02
6.620046782903386828e-02
8.322813222742174444e-02
7.606336123996912391e-02
8.329443845570594362e-02
4.714089664108506161e-02
8.421370238662582997e-02
9.682358267986017342e-02
2.042853748528781210e-01
3.771957541436480321e-01
4.682847538159439771e-01
2.003354619557156102e-01
9.895433312647873569e-02
9.274277472574544989e-02
7.463251845422806674e-02
8.772372102770728541e-02
7.411945746812434455e-02
6.529404439289793194e-02
8.008934555842492364e-02
1.307052135510387292e-01
1.406606776658736457e-01
1.161910427544041446e-01
1.050616918460180599e-01
8.900893528737294225e-02
7.786771277766121879e-02
1.109397765347598375e-01
5.531564194778954002e-02
1.293777964433675820e-01
1.059494810537714299e-01
1.332011344896064375e-01
1.217343912341033590e-01
1.333072532332909566e-01
7.544589486030721381e-02
1.347784745044750265e-01
1.199417598222698444e-01
9.420301255249868833e-02
2.148328724356023678e-01
2.089099141373998159e-01
1.126526457215225180e-01
1.252737537210578400e-01
7.171326131821152694e-02
2.570562396960370324e-02
3.939732918228341235e-02
1.186233015001559449e-01
1.044988101473120767e-01
1.281777135135259427e-01
2.091850707538576437e-01
2.251181342382460038e-01
1.859560979949247961e-01
1.681443061469572176e-01
1.424529283871605601e-01
1.246221368245236383e-01
3.176246565628602081e-01
3.022390075023660416e-01
2.899290974504211693e-01
3.129934427820025289e-01
1.863777203296923257e-01
1.975123729474876910e-01
1.317084592061693316e-01
1.475844365050800466e-01
1.096135086175072659e-01
1.620638220674486540e-01
1.970217218328631781e-01
1.223538445487883375e-01
1.210809605310994436e-01
3.372948474429085519e-01
3.438643354139447328e-01
1.486027776676802081e-01
2.107991713482140483e-01
1.995859423328286142e-01
6.723942941594471256e-02
3.455179776439910172e-02
3.083199668299785312e-02
7.496503444650211290e-02
1.177248160853442555e-01
1.512103969757949418e-01
1.707489159478335072e-01
1.890358812367587682e-01
2.235532199982920298e-01
5.165601529095972810e-02
6.641845635198778686e-02
7.819227679075189952e-02
2.234350719244742323e-01
2.341816281887619255e-01
2.393212131869177917e-01
1.407200856713346215e-01
6.267149933507558390e-02
7.930178180847316516e-02
1.512256843695010400e-01
1.589789589295209360e-01
1.678076923741680659e-01
1.800027660247691397e-01
1.377866214646663867e-01
2.006335852383442364e-01
1.100973095822477266e-01
4.479411774640704863e-02
1.254015268574230069e-01
5.262751032353817082e-02
2.704328560396021541e-02
2.413184106147380284e-02
5.867425048824314454e-02
9.214182850277001513e-02
1.183505987036660712e-01
1.336431676299540128e-01
1.479561602131552189e-01
1.749724751609868512e-01
8.329932514116765441e-02
4.755301920180455416e-02
2.098130525971176885e-01
1.715334706237845730e-01
1.587481357346451627e-01
1.972624952259794118e-01
1.918107908040574960e-01
2.427624868583093121e-01
2.973018174165733551e-01
1.183625639668617335e-01
1.244309607467415230e-01
1.313411065427103619e-01
1.408860472124645324e-01
1.078439675435085704e-01
1.570335466867537333e-01
8.617186890136718791e-02
3.505982895169842961e-02
9.815029970661084957e-02
1.878310808773411833e-01
2.698387019453175051e-01
1.318456291008151537e-01
1.549204632663646330e-01
2.985360149159832499e-01
3.009537583164703656e-01
1.433648905771693072e-01
1.937160474059619053e-01
2.455897976651322812e-01
5.540580551490972144e-02
3.162946793478690205e-02
1.395552865162441036e-01
1.140939629051317128e-01
1.055899110762585497e-01
1.312073948660950340e-01
1.275812421402010011e-01
1.614713097662290320e-01
1.977476605854403824e-01
1.159207196494541486e-01
2.906896499522570454e-01
1.801913295907037471e-01
2.283690753072628588e-01
3.375904533302241939e-01
2.155870545934273907e-01
9.521856877931859919e-02
1.115416664866166058e-01
1.077711461908346657e-01
1.249341734654942221e-01
1.794808135004823668e-01
8.769594797521892970e-02
1.030439687652863895e-01
1.985685760790942278e-01
2.001767166061072245e-01
9.535788233006099734e-02
1.288485066295857184e-01
1.633518704121594001e-01
5.206000085334890753e-02
6.148344085062119879e-02
5.431637011636006318e-02
1.579670117769185478e-01
2.109348352336493371e-01
3.360610438487104945e-01
1.913976501870906788e-01
1.923745751761275213e-01
1.183857211190866288e-01
1.115862227162196380e-01
2.798202091822954429e-01
1.734536318963810497e-01
2.198299197571740027e-01
3.249673020154799641e-01
2.075258431913062085e-01
9.165816477553893893e-02
1.073709107082178316e-01
1.037413773620354807e-01
9.101919325159733842e-02
1.364510369672185530e-01
1.631020897601091202e-01
1.323772970466093046e-01
1.837806882681762566e-01
1.986235288198054116e-01
1.749506599636730109e-01
1.374659263541837262e-01
9.891309700355283008e-02
5.011337806904074543e-02
5.918445766092378379e-02
5.228537737920531392e-02
1.520603237390092122e-01
2.030475791917836503e-01
3.234950800732373510e-01
1.842409267792909644e-01
1.851813226786035160e-01
1.139590530766418780e-01
1.006425074183563279e-01
1.471108872526493416e-01
1.733198815968778339e-01
1.840092542627631833e-01
1.319249477098931034e-01
1.709428583182646399e-01
1.495547357586920756e-01
9.180136529857596539e-02
1.259760916552760679e-01
9.854046696023131824e-02
1.477265225015772510e-01
1.765798565443630341e-01
1.433161534386288016e-01
1.989672089287714829e-01
2.150365717381163833e-01
1.894075206771670128e-01
1.488252761878254837e-01
1.070866750078747764e-01
7.688754085408118499e-02
1.622228765984208565e-01
2.995308906570568475e-01
3.718646030628242061e-01
1.590862534654512439e-01
7.857956832796553215e-02
7.364697404581620199e-02
5.926563191392862640e-02
6.966134693333168870e-02
1.089589934030681245e-01
1.592672381168968865e-01
1.876419846838031091e-01
1.992146622299182657e-01
1.428264246981647001e-01
1.850685386282837075e-01
1.619130314310590901e-01
9.938727295794501371e-02
1.363859912845135081e-01
9.213352150102142868e-02
1.663215449889419439e-01
2.975117733632074990e-01
1.245576064201716765e-01
1.741249174937512523e-01
1.663887990845967502e-01
1.284939746804106553e-01
1.009218075497119033e-01
9.780347192831678749e-02
8.112114994613231489e-02
1.711552502662062047e-01
3.160237669794055404e-01
3.923403439572631934e-01
1.678459172758712814e-01
8.290634443794785147e-02
7.770214989692253438e-02
6.252893719499023895e-02
7.349706476830816793e-02
6.209908223576152825e-02
5.470493674355061259e-02
6.710079951920631947e-02
1.095080034610259323e-01
1.178489331693711312e-01
9.734767853862998088e-02
8.802323795448596666e-02
7.457384849997368559e-02
6.523946159981261483e-02
9.720661019623243193e-02
1.754796009918710709e-01
3.138934723317455822e-01
1.314160415992254582e-01
1.837126455660176017e-01
1.755505582564356737e-01
1.355691555671706683e-01
1.064787999737453889e-01
1.031887614484446880e-01
9.260275291065062087e-02
2.745592012987847497e-01
3.091702110760777833e-01
2.177240996856839306e-01
9.425470981247749402e-02
1.685357602453638748e-01
1.561607384704512269e-01
1.419623559331789908e-01
1.609474040229282032e-01
7.467323521972779599e-02
6.578188375832427770e-02
8.068772686376313175e-02
1.316817673704493707e-01
1.417116129597581764e-01
1.170591550775503947e-01
1.058466520909734782e-01
8.967395861241896082e-02
7.844949532677203408e-02
1.999443649869459827e-01
1.902591161633752359e-01
1.825100415952444211e-01
1.970290211073088549e-01
1.173245658642999567e-01
1.243338171960671756e-01
8.291032731640229914e-02
9.290423721599366802e-02
6.900158070751402639e-02
1.113534516313540168e-01
3.301534110035197478e-01
3.717726424195315071e-01
2.618100352450911661e-01
1.133399055669313815e-01
2.026617787998517273e-01
1.877809966920101492e-01
1.707076500212788561e-01
1.935368917849724091e-01
4.255455089161205851e-02
5.900629344058330727e-02
8.240453442629754044e-02
1.871210935305455680e-01
3.484072659361184265e-01
1.963679594091154723e-01
1.024674726751642756e-01
6.589299243327914613e-02
5.865507600916985281e-02
6.035882176663511650e-02
7.760838203225220444e-02
9.136581038542408717e-02
2.610785521636017625e-01
2.736356468312343138e-01
2.796411293120413810e-01
1.644280636471815438e-01
7.323015213052329331e-02
9.266224053468387345e-02
1.767036051461286228e-01
1.857631215381707335e-01
1.960792859850216674e-01
2.103289386684805695e-01
1.610003806907674140e-01
2.344355588326143269e-01
1.286460802024722572e-01
5.234085815601471209e-02
1.465286930518576169e-01
1.782672260616292303e-01
8.287717016370589607e-02
1.515899363974746450e-01
2.479284978606770828e-01
2.651221354044541734e-01
1.014681534820066899e-01
5.747255033806744628e-02
5.720221840687080700e-02
6.413549233456421195e-02
3.222973455763533668e-01
1.468766975653754969e-01
1.701043440846187471e-01
1.738815876691464091e-01
1.167797246112409343e-01
1.005283769147344575e-01
9.017946513053695656e-02
8.849305223858867919e-02
1.049228927224373220e-01
1.065573013406769659e-01
1.120204474795987587e-01
1.182413881487719282e-01
1.268343341372572541e-01
9.708781021780796272e-02
1.413713119595861600e-01
7.757724650323617743e-02
3.156302663065548020e-02
8.836097083401486807e-02
1.690971572041603810e-01
2.429254902302930841e-01
1.186955905625705493e-01
1.394689835608246276e-01
2.687605864245515841e-01
2.709371885819893411e-01
1.290659422617917440e-01
1.743951680849115393e-01
2.210951266933191273e-01
1.943544691432810834e-01
8.857082745682781644e-02
1.025777591633932617e-01
1.048555445121460705e-01
7.042149646913356542e-02
6.062147143706536623e-02
5.438078319176966463e-02
5.336382823737850778e-02
6.327148949855607163e-02
4.633410497980150478e-01
8.308381506253166571e-02
3.919782244340482696e-02
2.377024822700080434e-02
1.160548775551441120e-01
2.103857199943932055e-01
2.015930719430022444e-01
2.234227472293940087e-01
2.854797480996462689e-01
1.214332181289910079e-01
1.744513304183535340e-01
8.523849707497868633e-02
1.001564294929115917e-01
1.930042080859130094e-01
1.945672846564141245e-01
9.268572564337769493e-02
1.252378622848668299e-01
1.587743590188881171e-01
5.060115470461097609e-02
5.976052730037458016e-02
5.279429508641739904e-02
1.535403970442840715e-01
2.050239349844903136e-01
3.266438069773437980e-01
1.860342287449842924e-01
1.869837779515681753e-01
1.150682691312034378e-01
3.327376740006705025e-01
5.966472295744146281e-02
2.814901090977256840e-02
1.707005478776098956e-02
8.334213001624857231e-02
1.510836459329631398e-01
1.447694088020166636e-01
1.604458859502216894e-01
2.050106879120308923e-01
1.714566606637467905e-01
7.030658537609726921e-02
4.014368359986135448e-02
5.503352218955512298e-02
1.508120392362352069e-01
3.204180630576055622e-01
1.576101447851210313e-01
2.840515740083023877e-01
2.124046654413850044e-01
5.124450643346716711e-02
6.052033285778710137e-02
5.346553077690443384e-02
1.554925358929792611e-01
2.076306443333019169e-01
3.307968121640000314e-01
1.883994997232493196e-01
1.893611216607274939e-01
1.165312667705696442e-01
1.029141482295398008e-01
1.504313837687325239e-01
1.772319514222878423e-01
1.881625980370905671e-01
1.349026765336125699e-01
1.748012754354170417e-01
1.529303933209880673e-01
9.387344928459728788e-02
1.288195465569702269e-01
1.736365899500616761e-01
7.120047531824845455e-02
4.065407725386770837e-02
5.573322779612441269e-02
1.527294892774714863e-01
3.244919130720614886e-01
1.596140271021295465e-01
2.876630542658055179e-01
2.151052146586222291e-01
1.644945211248594052e-01
8.078408388244029403e-02
1.516328023914867151e-01
1.109269806831295752e-01
2.044644620850348260e-01
2.281603861159799407e-01
8.416541357531583112e-02
1.412029367366647858e-01
1.369570830757187996e-01
1.164079067211470780e-01
1.701554430652843508e-01
2.004700114036478964e-01
2.128338477995901368e-01
1.525906637378197928e-01
1.977206333208803568e-01
1.729821143817041884e-01
1.061818216047494129e-01
1.457099341289598560e-01
9.843217197415574105e-02
1.776920132069120251e-01
3.178509793495586933e-01
1.330729091441882894e-01
1.860288583839768417e-01
1.777638650866796566e-01
1.372783847542913549e-01
1.078212636924526791e-01
1.044897450100272379e-01
1.860624918989141063e-01
9.137622244286520978e-02
1.715143876747144414e-01
1.254713549338188350e-01
2.312731576721390736e-01
2.580760119124843599e-01
9.520090076215503849e-02
1.597169929612816675e-01
1.549144371862228031e-01
1.359330917520736037e-01
1.624933168710772091e-01
1.759437224868084237e-01
2.587368707754509334e-01
1.702979484775367092e-01
1.042127382101405569e-01
1.183657143109200505e-01
9.035985841274093988e-02
8.942265742756176639e-02
9.991315417844755242e-02
1.803655162306319337e-01
3.226332739448360964e-01
1.350750859362195577e-01
1.888277951871160654e-01
1.804384491731572671e-01
1.393438359251586434e-01
1.094435114755728522e-01
1.060618677193734261e-01
9.518111073138850464e-02
2.822038105752207593e-01
3.177785019379740783e-01
2.237862373386471093e-01
9.687906341480362338e-02
1.732283366736469266e-01
1.605087545787410863e-01
1.459150435063427953e-01
1.654286962615118539e-01
1.379783020305996588e-01
1.649381446725566025e-01
1.785909212302054239e-01
2.626297514619931328e-01
1.728602025258254571e-01
1.057806931546912271e-01
1.201466108712315184e-01
9.171938690436798325e-02
9.076808506219197215e-02
1.948969121879005617e-01
7.418310113298733077e-02
6.459410940575485705e-02
1.302007856646514861e-01
1.611314924117404346e-01
1.262533613583083358e-01
1.210380605041102287e-01
7.448800952315158541e-02
1.572612631185483778e-01
9.955417935139607155e-02
2.951695830797654296e-01
3.323787433541491865e-01
2.340680313267106682e-01
1.013301439800495113e-01
1.811872625296551687e-01
1.678832829120536774e-01
1.526190680028146340e-01
1.730292698933071638e-01
3.804537110988649024e-02
5.275384852453816192e-02
7.367275714814017218e-02
1.672933046336210483e-01
3.114892168332880074e-01
1.755603509678565211e-01
9.160977951684118326e-02
5.891081677845148856e-02
5.243984691393675096e-02
2.038513944825078861e-01
7.759142227156942684e-02
6.756186709117226186e-02
1.361828231268666645e-01
1.685346322547849052e-01
1.320540355517900999e-01
1.265991192073530058e-01
7.791033958958457073e-02
1.644865863954250440e-01
2.221646399467898381e-01
8.800769626218699071e-02
1.076202763614910185e-01
4.885878067790360574e-02
2.675888622247166726e-01
1.407823613919451933e-01
7.797308683160691922e-02
1.556243489804903790e-01
2.731424999714540669e-01
